T	res	T**1.2	rho
0.12687	1.8993	0.083952	0.056818
0.12813	2.2180	0.084953	0.066349
0.12935	1.5054	0.085925	0.045033
0.13040	0.68138	0.086763	0.020383
0.13144	0.92118	0.087594	0.027557
0.13248	0.49260	0.088426	0.014736
0.13567	2.0192	0.090987	0.060403
0.13653	2.1758	0.091680	0.065089
0.13731	2.3624	0.092309	0.070669
0.13836	2.2066	0.093156	0.066010
0.13920	2.1245	0.093835	0.063554
0.13987	2.0057	0.094378	0.059998
0.14064	1.9528	0.095002	0.058416
0.14141	2.4815	0.095626	0.074232
0.14204	2.8349	0.096137	0.084806
0.14274	2.7566	0.096706	0.082461
0.14341	3.2043	0.097251	0.095856
0.14408	3.1411	0.097797	0.093964
0.14487	3.3614	0.098441	0.10056
0.14545	3.4189	0.098914	0.10227
0.14603	3.1732	0.099387	0.094926
0.14652	3.4487	0.099788	0.10317
0.14729	3.5532	0.10042	0.10629
0.14770	3.7153	0.10075	0.11114
0.14825	3.8057	0.10120	0.11385
0.14874	4.0592	0.10160	0.12143
0.14913	4.1884	0.10192	0.12529
0.14961	4.2479	0.10232	0.12707
0.15001	4.4222	0.10265	0.13229
0.15039	4.4552	0.10296	0.13328
0.15078	4.4354	0.10328	0.13268
0.15104	4.5618	0.10349	0.13646
0.15142	4.6043	0.10381	0.13774
0.15181	4.7557	0.10413	0.14227
0.15199	4.7947	0.10427	0.14343
0.15235	4.7459	0.10457	0.14197
0.15265	4.7706	0.10482	0.14271
0.15295	4.7236	0.10507	0.14130
0.15327	4.8720	0.10533	0.14574
0.15355	4.8517	0.10556	0.14514
0.15377	4.8700	0.10574	0.14568
0.15393	5.0731	0.10587	0.15176
0.15416	5.0370	0.10606	0.15068
0.15439	5.1244	0.10625	0.15329
0.15462	5.0517	0.10644	0.15112
0.15482	5.1878	0.10661	0.15519
0.15510	5.2797	0.10684	0.15794
0.15533	5.5389	0.10703	0.16569
0.15549	5.6325	0.10716	0.16849
0.15574	5.5788	0.10737	0.16689
0.15594	5.5660	0.10753	0.16651
0.15615	5.6721	0.10771	0.16968
0.15633	5.6522	0.10786	0.16908
0.15654	5.7393	0.10803	0.17169
0.15674	5.7405	0.10820	0.17172
0.15693	5.8274	0.10835	0.17432
0.15717	5.9951	0.10855	0.17934
0.15725	6.2113	0.10862	0.18581
0.15749	6.1980	0.10882	0.18541
0.15773	6.2898	0.10902	0.18816
0.15795	6.2282	0.10920	0.18632
0.15806	6.2976	0.10929	0.18839
0.15826	6.3853	0.10946	0.19101
0.15840	6.4790	0.10957	0.19382
0.15859	6.4914	0.10973	0.19419
0.15875	6.4580	0.10986	0.19319
0.15895	6.5035	0.11003	0.19455
0.15911	6.6093	0.11016	0.19771
0.15929	6.6856	0.11031	0.20000
0.15947	6.7297	0.11046	0.20132
0.15961	6.8821	0.11058	0.20587
0.15984	6.8724	0.11077	0.20558
0.15996	6.8541	0.11087	0.20504
0.16012	6.9886	0.11100	0.20906
0.16031	7.0120	0.11116	0.20976
0.16050	6.9859	0.11132	0.20898
0.16059	6.9206	0.11139	0.20703
0.16077	6.9906	0.11154	0.20912
0.16089	6.9832	0.11164	0.20890
0.16104	7.0574	0.11177	0.21112
0.16129	7.2102	0.11198	0.21569
0.16139	7.4033	0.11206	0.22147
0.16148	7.5119	0.11214	0.22472
0.16170	7.5133	0.11232	0.22476
0.16177	7.5358	0.11238	0.22543
0.16195	7.6019	0.11253	0.22741
0.16215	7.7361	0.11269	0.23142
0.16227	7.8815	0.11279	0.23577
0.16238	7.8534	0.11289	0.23493
0.16255	7.9320	0.11303	0.23728
0.16267	8.1531	0.11313	0.24390
0.16280	8.2081	0.11324	0.24554
0.16300	8.2562	0.11340	0.24698
0.16309	8.3447	0.11348	0.24963
0.16332	8.3998	0.11367	0.25128
0.16351	8.4422	0.11383	0.25254
0.16358	8.5259	0.11389	0.25505
0.16375	8.6418	0.11403	0.25852
0.16392	8.6223	0.11417	0.25793
0.16404	8.7650	0.11427	0.26220
0.16410	8.8185	0.11432	0.26380
0.16434	8.9221	0.11452	0.26690
0.16450	9.0912	0.11466	0.27196
0.16458	9.1598	0.11472	0.27401
0.16470	9.2139	0.11482	0.27563
0.16496	9.4448	0.11504	0.28254
0.16504	9.6034	0.11511	0.28728
0.16523	9.6551	0.11527	0.28883
0.16539	9.6245	0.11540	0.28791
0.16547	9.7022	0.11547	0.29024
0.16566	9.6832	0.11563	0.28967
0.16585	9.8566	0.11579	0.29486
0.16592	10.029	0.11585	0.30000
0.16610	10.046	0.11600	0.30053
0.16627	10.145	0.11614	0.30348
0.16643	10.271	0.11627	0.30724
0.16653	10.427	0.11636	0.31191
0.16663	10.536	0.11644	0.31519
0.16684	10.632	0.11662	0.31807
0.16700	10.704	0.11675	0.32020
0.16714	10.887	0.11687	0.32568
0.16723	11.010	0.11694	0.32937
0.16735	11.148	0.11704	0.33349
0.16753	11.310	0.11720	0.33832
0.16765	11.339	0.11730	0.33921
0.16788	11.420	0.11749	0.34164
0.16811	11.468	0.11768	0.34307
0.16823	11.580	0.11778	0.34642
0.16837	11.639	0.11790	0.34818
0.16850	11.770	0.11801	0.35209
0.16869	11.827	0.11817	0.35380
0.16893	11.954	0.11837	0.35761
0.16903	11.970	0.11846	0.35807
0.16918	12.017	0.11858	0.35947
0.16935	12.162	0.11873	0.36382
0.16952	12.316	0.11887	0.36842
0.16964	12.424	0.11897	0.37165
0.16980	12.557	0.11910	0.37562
0.16998	12.695	0.11926	0.37978
0.17009	12.913	0.11935	0.38628
0.17022	13.124	0.11946	0.39260
0.17038	13.083	0.11959	0.39138
0.17054	13.209	0.11973	0.39515
0.17072	13.350	0.11988	0.39937
0.17090	13.565	0.12003	0.40580
0.17109	13.633	0.12019	0.40783
0.17114	13.932	0.12023	0.41676
0.17138	14.193	0.12043	0.42457
0.17152	14.423	0.12055	0.43147
0.17167	14.632	0.12068	0.43772
0.17178	14.724	0.12077	0.44045
0.17196	14.943	0.12092	0.44700
0.17213	15.063	0.12107	0.45061
0.17226	15.131	0.12118	0.45263
0.17240	15.318	0.12130	0.45823
0.17255	15.442	0.12142	0.46193
0.17273	15.680	0.12157	0.46905
0.17292	15.754	0.12173	0.47128
0.17314	15.973	0.12192	0.47783
0.17325	16.188	0.12201	0.48427
0.17342	16.420	0.12216	0.49119
0.17361	16.647	0.12232	0.49800
0.17374	16.641	0.12243	0.49780
0.17396	16.722	0.12261	0.50023
0.17407	16.838	0.12271	0.50369
0.17426	17.020	0.12287	0.50916
0.17439	17.177	0.12298	0.51384
0.17452	17.321	0.12309	0.51815
0.17477	17.478	0.12330	0.52284
0.17492	17.633	0.12343	0.52747
0.17505	17.934	0.12354	0.53650
0.17524	18.175	0.12370	0.54371
0.17537	18.403	0.12381	0.55053
0.17552	18.603	0.12393	0.55651
0.17571	18.700	0.12410	0.55940
0.17590	18.959	0.12426	0.56714
0.17596	19.118	0.12431	0.57190
0.17620	19.442	0.12451	0.58161
0.17638	19.519	0.12466	0.58391
0.17660	19.734	0.12485	0.59032
0.17678	20.043	0.12500	0.59957
0.17687	20.277	0.12508	0.60656
0.17703	20.500	0.12521	0.61325
0.17722	20.862	0.12538	0.62406
0.17743	21.109	0.12555	0.63145
0.17766	21.412	0.12575	0.64053
0.17776	21.703	0.12583	0.64924
0.17801	22.014	0.12605	0.65853
0.17814	22.293	0.12616	0.66690
0.17824	22.428	0.12624	0.67093
0.17847	22.652	0.12644	0.67763
0.17861	22.956	0.12656	0.68673
0.17883	23.261	0.12674	0.69586
0.17904	23.519	0.12692	0.70357
0.17920	23.790	0.12706	0.71168
0.17939	24.087	0.12722	0.72054
0.17955	24.427	0.12736	0.73071
0.17971	24.718	0.12749	0.73942
0.17984	24.904	0.12760	0.74500
0.18010	25.140	0.12783	0.75205
0.18034	25.296	0.12803	0.75671
0.18040	25.674	0.12808	0.76802
0.18059	25.939	0.12824	0.77596
0.18073	26.346	0.12836	0.78813
0.18085	26.692	0.12846	0.79848
0.18105	27.077	0.12863	0.81001
0.18115	27.423	0.12872	0.82034
0.18143	27.606	0.12896	0.82583
0.18157	28.024	0.12908	0.83833
0.18177	28.341	0.12925	0.84781
0.18197	28.641	0.12942	0.85678
0.18207	28.961	0.12950	0.86635
0.18223	29.299	0.12964	0.87648
0.18243	29.704	0.12981	0.88858
0.18255	30.058	0.12991	0.89917
0.18283	30.501	0.13015	0.91244
0.18302	30.720	0.13032	0.91899
0.18324	31.077	0.13050	0.92965
0.18342	31.534	0.13066	0.94333
0.18373	31.988	0.13092	0.95690
0.18375	32.307	0.13094	0.96645
0.18395	32.561	0.13111	0.97404
0.18407	32.819	0.13121	0.98175
0.18428	33.114	0.13139	0.99060
0.18448	33.550	0.13156	1.0036
0.18471	33.837	0.13176	1.0122
0.18497	34.200	0.13198	1.0231
0.18499	34.482	0.13200	1.0315
0.18520	34.889	0.13218	1.0437
0.18536	35.334	0.13232	1.0570
0.18551	35.681	0.13245	1.0674
0.18574	36.122	0.13264	1.0806
0.18590	36.581	0.13278	1.0943
0.18605	37.026	0.13291	1.1076
0.18628	37.293	0.13311	1.1156
0.18650	37.736	0.13330	1.1288
0.18673	38.027	0.13349	1.1376
0.18696	38.272	0.13369	1.1449
0.18711	38.714	0.13382	1.1581
0.18728	38.933	0.13396	1.1647
0.18755	39.460	0.13420	1.1804
0.18778	39.847	0.13439	1.1920
0.18795	40.138	0.13454	1.2007
0.18816	40.572	0.13472	1.2137
0.18831	40.933	0.13485	1.2245
0.18839	41.424	0.13492	1.2392
0.18854	41.753	0.13505	1.2490
0.18880	42.154	0.13527	1.2610
0.18892	42.622	0.13537	1.2750
0.18920	43.026	0.13561	1.2871
0.18937	43.575	0.13576	1.3035
0.18956	44.173	0.13592	1.3214
0.18980	44.477	0.13613	1.3305
0.18993	44.905	0.13624	1.3433
0.19012	45.306	0.13641	1.3553
0.19040	45.615	0.13665	1.3645
0.19057	45.962	0.13679	1.3749
0.19081	46.459	0.13700	1.3898
0.19094	46.936	0.13711	1.4041
0.19117	47.262	0.13731	1.4138
0.19139	47.652	0.13750	1.4255
0.19156	48.040	0.13765	1.4371
0.19193	48.437	0.13797	1.4490
0.19200	48.925	0.13803	1.4636
0.19233	49.498	0.13831	1.4807
0.19252	49.943	0.13847	1.4940
0.19272	50.378	0.13865	1.5070
0.19296	50.927	0.13885	1.5235
0.19309	51.448	0.13897	1.5390
0.19334	51.841	0.13918	1.5508
0.19356	52.238	0.13937	1.5627
0.19375	52.813	0.13954	1.5799
0.19395	53.237	0.13971	1.5926
0.19415	53.703	0.13988	1.6065
0.19437	54.317	0.14007	1.6249
0.19460	54.715	0.14027	1.6368
0.19482	55.309	0.14046	1.6545
0.19498	55.694	0.14060	1.6661
0.19527	56.296	0.14085	1.6841
0.19544	56.666	0.14100	1.6951
0.19558	57.047	0.14112	1.7065
0.19596	57.511	0.14145	1.7204
0.19619	57.834	0.14165	1.7301
0.19634	58.202	0.14178	1.7411
0.19657	58.602	0.14198	1.7530
0.19677	59.018	0.14215	1.7655
0.19698	59.505	0.14233	1.7801
0.19722	59.968	0.14254	1.7939
0.19745	60.516	0.14274	1.8103
0.19773	60.903	0.14298	1.8219
0.19791	61.486	0.14314	1.8393
0.19811	61.931	0.14331	1.8526
0.19843	62.458	0.14359	1.8684
0.19859	62.961	0.14373	1.8834
0.19885	63.376	0.14396	1.8959
0.19912	63.805	0.14419	1.9087
0.19931	64.041	0.14436	1.9158
0.19951	64.423	0.14453	1.9272
0.19977	64.878	0.14476	1.9408
0.19998	65.198	0.14494	1.9504
0.20033	65.649	0.14524	1.9639
0.20058	65.873	0.14546	1.9706
0.20084	66.231	0.14569	1.9813
0.20112	66.661	0.14593	1.9941
0.20133	67.111	0.14611	2.0076
0.20159	67.448	0.14634	2.0177
0.20177	67.950	0.14650	2.0327
0.20203	68.311	0.14672	2.0435
0.20236	68.717	0.14701	2.0556
0.20260	69.023	0.14722	2.0648
0.20279	69.470	0.14739	2.0782
0.20303	69.860	0.14760	2.0898
0.20329	70.174	0.14782	2.0992
0.20357	70.531	0.14807	2.1099
0.20386	70.937	0.14832	2.1220
0.20398	71.200	0.14842	2.1299
0.20429	71.515	0.14870	2.1393
0.20453	71.866	0.14890	2.1498
0.20482	72.199	0.14916	2.1598
0.20506	72.552	0.14937	2.1704
0.20537	72.974	0.14964	2.1830
0.20554	73.433	0.14979	2.1967
0.20576	73.678	0.14998	2.2041
0.20607	74.081	0.15025	2.2161
0.20634	74.413	0.15049	2.2260
0.20653	74.614	0.15065	2.2320
0.20678	74.918	0.15087	2.2411
0.20704	75.320	0.15110	2.2532
0.20739	75.671	0.15141	2.2637
0.20756	76.091	0.15156	2.2762
0.20778	76.467	0.15175	2.2875
0.20815	76.876	0.15207	2.2997
0.20837	77.250	0.15227	2.3109
0.20862	77.772	0.15248	2.3265
0.20884	78.167	0.15268	2.3383
0.20919	78.467	0.15299	2.3473
0.20946	78.823	0.15322	2.3580
0.20966	79.136	0.15340	2.3673
0.20998	79.462	0.15368	2.3771
0.21023	79.858	0.15390	2.3889
0.21043	80.251	0.15407	2.4007
0.21073	80.506	0.15434	2.4083
0.21098	80.811	0.15456	2.4174
0.21128	81.020	0.15482	2.4237
0.21154	81.366	0.15505	2.4340
0.21186	81.745	0.15533	2.4454
0.21222	82.119	0.15565	2.4565
0.21240	82.684	0.15581	2.4734
0.21265	83.009	0.15603	2.4832
0.21296	83.320	0.15630	2.4925
0.21326	83.642	0.15656	2.5021
0.21344	83.994	0.15672	2.5126
0.21377	84.331	0.15701	2.5227
0.21408	84.545	0.15729	2.5291
0.21439	84.885	0.15756	2.5393
0.21462	85.051	0.15776	2.5443
0.21475	85.231	0.15788	2.5497
0.21514	85.454	0.15822	2.5563
0.21522		0.15829	
0.21550	85.710	0.15854	2.5640
0.21571	85.808	0.15872	2.5669
0.21602	86.115	0.15900	2.5761
0.21649	86.359	0.15941	2.5834
0.21672	86.580	0.15962	2.5900
0.21691	86.938	0.15978	2.6007
0.21738	87.340	0.16020	2.6127
0.21764	87.447	0.16043	2.6159
0.21790	87.679	0.16066	2.6229
0.21806	88.012	0.16080	2.6328
0.21809		0.16083	
0.21843	88.237	0.16113	2.6396
0.21888	88.561	0.16153	2.6493
0.21901	88.828	0.16164	2.6573
0.21931	88.931	0.16191	2.6603
0.21960	89.078	0.16217	2.6647
0.21979	89.425	0.16233	2.6751
0.22011	89.692	0.16262	2.6831
0.22037	89.884	0.16285	2.6888
0.22061	90.147	0.16306	2.6967
0.22062		0.16307	
0.22094	90.392	0.16335	2.7040
0.22134	90.459	0.16371	2.7060
0.22153	90.648	0.16388	2.7117
0.22191	90.800	0.16421	2.7162
0.22229	91.008	0.16455	2.7225
0.22261	91.195	0.16484	2.7281
0.22278		0.16499	
0.22299	91.358	0.16517	2.7329
0.22321	91.440	0.16537	2.7354
0.22343	91.531	0.16557	2.7381
0.22395	91.653	0.16603	2.7418
0.22409	91.900	0.16615	2.7491
0.22447	92.082	0.16649	2.7546
0.22466	92.208	0.16666	2.7584
0.22502	92.395	0.16698	2.7639
0.22527	92.473	0.16720	2.7663
0.22566	92.615	0.16755	2.7705
0.22594	92.825	0.16780	2.7768
0.22630	92.993	0.16812	2.7818
0.22658	92.976	0.16837	2.7813
0.22691	93.123	0.16866	2.7857
0.22714	93.281	0.16887	2.7905
0.22758	93.218	0.16926	2.7886
0.22789	93.316	0.16954	2.7915
0.22820	93.322	0.16982	2.7917
0.22854	93.483	0.17012	2.7965
0.22894	93.543	0.17048	2.7983
0.22919	93.663	0.17070	2.8019
0.22950	93.772	0.17098	2.8052
0.22996	93.656	0.17139	2.8017
0.23024	93.939	0.17164	2.8101
0.23059	94.301	0.17195	2.8210
0.23090	94.363	0.17223	2.8228
0.23127	94.644	0.17256	2.8312
0.23153	94.722	0.17279	2.8336
0.23191	94.859	0.17313	2.8377
0.23228	94.975	0.17347	2.8411
0.23263	95.242	0.17378	2.8491
0.23298	95.376	0.17409	2.8531
0.23327	95.292	0.17435	2.8506
0.23376	95.364	0.17479	2.8528
0.23399	95.422	0.17500	2.8545
0.23440	95.459	0.17537	2.8556
0.23470	95.593	0.17564	2.8596
0.23508	95.640	0.17598	2.8610
0.23546	95.725	0.17632	2.8636
0.23581	95.933	0.17663	2.8698
0.23611	96.036	0.17690	2.8729
0.23649	96.127	0.17725	2.8756
0.23688	96.334	0.17760	2.8818
0.23724	96.377	0.17792	2.8831
0.23750	96.445	0.17815	2.8851
0.23789	96.532	0.17851	2.8877
0.23834	96.605	0.17891	2.8899
0.23855	96.731	0.17910	2.8937
0.23894	96.738	0.17945	2.8939
0.23924	96.818	0.17972	2.8963
0.23963	96.884	0.18007	2.8982
0.23994	97.006	0.18035	2.9019
0.24024	97.110	0.18062	2.9050
0.24069	97.122	0.18103	2.9054
0.24103	97.214	0.18134	2.9081
0.24139	97.205	0.18166	2.9078
0.24170	97.201	0.18194	2.9077
0.24219	97.280	0.18238	2.9101
0.24243	97.215	0.18260	2.9082
0.24280	97.256	0.18294	2.9094
0.24329	97.341	0.18338	2.9119
0.24348	97.317	0.18355	2.9112
0.24391	97.387	0.18394	2.9133
0.24419	97.523	0.18419	2.9174
0.24456	97.553	0.18453	2.9183
0.24494	97.447	0.18487	2.9151
0.24534	97.512	0.18523	2.9170
0.24562	97.592	0.18549	2.9194
0.24600	97.703	0.18583	2.9227
0.24637	97.642	0.18617	2.9209
0.24675	97.602	0.18651	2.9197
0.24722	97.682	0.18694	2.9221
0.24785	97.816	0.18751	2.9261
0.24823	98.136	0.18786	2.9357
0.24865	97.972	0.18824	2.9308
0.24890	97.862	0.18846	2.9275
0.24922	97.980	0.18876	2.9310
0.24973	97.860	0.18922	2.9274
0.25002	98.087	0.18948	2.9342
0.25050	98.110	0.18992	2.9349
0.25091	98.065	0.19029	2.9336
0.25127	98.022	0.19062	2.9323
0.25169	97.921	0.19100	2.9293
0.25201	97.938	0.19129	2.9298
0.25240	98.010	0.19165	2.9319
0.25279	98.138	0.19200	2.9358
0.25318	98.288	0.19236	2.9402
0.25367	98.249	0.19281	2.9391
0.25403	98.311	0.19314	2.9409
0.25445	98.219	0.19352	2.9382
0.25488	98.121	0.19391	2.9352
0.25521	98.158	0.19421	2.9363
0.25557	98.120	0.19454	2.9352
0.25590	98.011	0.19484	2.9320
0.25626	98.163	0.19517	2.9365
0.25680	98.137	0.19567	2.9357
0.25719	98.207	0.19602	2.9378
0.25766	98.243	0.19645	2.9389
0.25799	98.205	0.19675	2.9377
0.25849	98.181	0.19721	2.9371
0.25876	98.210	0.19746	2.9379
0.25927	98.352	0.19793	2.9422
0.25954	98.304	0.19817	2.9407
0.26004	98.269	0.19863	2.9397
0.26047	98.400	0.19903	2.9436
0.26132	98.329	0.19981	2.9415
0.26204	98.434	0.20047	2.9446
0.26288	98.530	0.20124	2.9475
0.26341	98.554	0.20172	2.9482
0.26401	98.579	0.20228	2.9489
0.26477	98.525	0.20297	2.9473
0.26519	98.595	0.20336	2.9494
0.26592	98.600	0.20403	2.9496
0.26657	98.690	0.20463	2.9523
0.26703	98.830	0.20506	2.9564
0.26761	98.850	0.20559	2.9571
0.26794	99.028	0.20589	2.9624
0.26815	99.065	0.20609	2.9635
0.26901	98.809	0.20688	2.9558
0.27014	98.772	0.20792	2.9547
0.27100	98.965	0.20872	2.9605
0.27202	98.967	0.20966	2.9605
0.27286	98.863	0.21044	2.9574
0.27380	98.911	0.21131	2.9589
0.27450	98.917	0.21196	2.9591
0.27543	98.869	0.21282	2.9576
0.27651	98.904	0.21382	2.9587
0.27724	98.943	0.21450	2.9598
0.27826	98.908	0.21545	2.9588
0.27927	99.009	0.21639	2.9618
0.28014	99.047	0.21720	2.9629
0.28111	99.079	0.21810	2.9639
0.28261	99.052	0.21950	2.9631
0.28349	99.119	0.22032	2.9651
0.28455	99.100	0.22130	2.9645
0.28556	99.116	0.22225	2.9650
0.28669	99.126	0.22330	2.9653
0.28769	99.070	0.22424	2.9636
0.28883	99.146	0.22530	2.9659
0.28995	99.156	0.22635	2.9662
0.29118	99.281	0.22751	2.9699
0.29227	99.222	0.22853	2.9682
0.29349	99.198	0.22967	2.9675
0.29475	99.195	0.23086	2.9674
0.29602	99.247	0.23205	2.9689
0.29735	99.289	0.23330	2.9702
0.29869	99.298	0.23457	2.9704
0.29997	99.317	0.23577	2.9710
0.30132	99.413	0.23705	2.9739
0.30287	99.419	0.23851	2.9741
0.30417	99.397	0.23974	2.9734
0.30564	99.430	0.24113	2.9744
0.30707	99.475	0.24248	2.9757
0.30860	99.481	0.24394	2.9759
0.31006	99.525	0.24532	2.9772
0.31165	99.561	0.24683	2.9783
0.31313	99.578	0.24824	2.9788
0.31474	99.631	0.24977	2.9804
0.31644	99.612	0.25139	2.9799
0.31801	99.601	0.25289	2.9795
0.31964	99.617	0.25444	2.9800
0.32123	99.597	0.25596	2.9794
0.32296	99.648	0.25762	2.9809
0.32459	99.664	0.25918	2.9814
0.32636	99.791	0.26088	2.9852
0.32799	99.779	0.26244	2.9848
0.32979	99.749	0.26417	2.9839
0.33152	99.841	0.26583	2.9867
0.33357	99.894	0.26781	2.9883
0.33505	99.851	0.26924	2.9870
0.33690	99.816	0.27102	2.9859
0.33867	99.837	0.27273	2.9866
0.34055	99.784	0.27455	2.9850
0.34241	99.803	0.27635	2.9856
0.34422	99.838	0.27810	2.9866
0.34617	99.812	0.27999	2.9858
0.34810	99.861	0.28187	2.9873
0.35009	99.917	0.28380	2.9890
0.35199	99.877	0.28565	2.9878
0.35400	100.08	0.28761	2.9938
0.35605	100.16	0.28961	2.9963
0.35811	100.22	0.29162	2.9979
0.36013	100.20	0.29360	2.9976
0.36238	100.24	0.29580	2.9985
0.36434	100.33	0.29772	3.0012
0.36650	100.33	0.29984	3.0014
0.36873	100.38	0.30203	3.0030
0.37087	100.43	0.30413	3.0044
0.37325	100.46	0.30648	3.0051
0.37559	100.42	0.30879	3.0040
0.37789	100.46	0.31106	3.0052
0.38025	100.55	0.31339	3.0080
0.38270	100.57	0.31581	3.0085
0.38525	100.69	0.31834	3.0121
0.38768	100.74	0.32075	3.0136
0.39023	100.79	0.32328	3.0151
0.39278	100.89	0.32582	3.0180
0.39544	100.91	0.32847	3.0188
0.39814	100.92	0.33116	3.0190
0.40078	101.04	0.33380	3.0227
0.40346	101.09	0.33648	3.0240
0.40631	101.13	0.33934	3.0254
0.40916	101.14	0.34219	3.0256
0.41192	101.18	0.34497	3.0267
0.41485	101.29	0.34791	3.0301
0.41779	101.37	0.35087	3.0325
0.42073	101.32	0.35384	3.0311
0.42410	101.38	0.35724	3.0329
0.42714	101.49	0.36032	3.0362
0.43016	101.48	0.36338	3.0357
0.43324	101.57	0.36650	3.0384
0.43635	101.61	0.36966	3.0395
0.43947	101.66	0.37283	3.0412
0.44266	101.72	0.37608	3.0430
0.44583	101.77	0.37932	3.0445
0.44910	101.82	0.38266	3.0460
0.45235	101.94	0.38598	3.0496
0.45569	102.02	0.38941	3.0518
0.45893	102.15	0.39273	3.0557
0.46230	102.27	0.39619	3.0593
0.46572	102.36	0.39971	3.0620
0.46914	102.32	0.40324	3.0609
0.47261	102.35	0.40682	3.0617
0.47607	102.42	0.41040	3.0640
0.47958	102.56	0.41403	3.0680
0.48303	102.55	0.41761	3.0676
0.48668	102.55	0.42140	3.0678
0.49023	102.63	0.42509	3.0703
0.49388	102.64	0.42889	3.0705
0.49760	102.69	0.43277	3.0718
0.50121	102.81	0.43654	3.0755
0.50495	102.86	0.44045	3.0770
0.50872	102.96	0.44440	3.0801
0.51252	103.01	0.44839	3.0815
0.51627	103.06	0.45233	3.0830
0.52013	103.14	0.45639	3.0855
0.52399	103.20	0.46046	3.0872
0.52788	103.21	0.46456	3.0876
0.53182	103.31	0.46872	3.0906
0.53580	103.37	0.47294	3.0921
0.53979	103.40	0.47717	3.0931
0.54381	103.46	0.48143	3.0948
0.54781	103.59	0.48569	3.0988
0.55189	103.75	0.49003	3.1037
0.55603	103.85	0.49444	3.1066
0.56015	103.86	0.49884	3.1070
0.56434	103.97	0.50333	3.1103
0.56857	104.09	0.50786	3.1137
0.57282	104.21	0.51241	3.1175
0.57704	104.36	0.51695	3.1220
0.58140	104.47	0.52164	3.1251
0.58575	104.55	0.52633	3.1276
0.59018	104.67	0.53111	3.1311
0.59458	104.80	0.53586	3.1350
0.59913	104.95	0.54079	3.1396
0.60353	105.07	0.54556	3.1431
0.60803	105.12	0.55044	3.1446
0.61257	105.22	0.55538	3.1476
0.61716	105.36	0.56037	3.1518
0.62181	105.43	0.56544	3.1539
0.62647	105.51	0.57053	3.1564
0.63116	105.65	0.57566	3.1604
0.63594	105.75	0.58090	3.1635
0.64065	105.83	0.58606	3.1660
0.64545	105.87	0.59134	3.1670
0.65024	105.93	0.59661	3.1689
0.65520	106.04	0.60207	3.1721
0.66011	106.14	0.60749	3.1753
0.66496	106.24	0.61285	3.1780
0.67007	106.36	0.61851	3.1817
0.67494	106.48	0.62390	3.1853
0.67999	106.68	0.62951	3.1913
0.68509	106.86	0.63518	3.1966
0.69012	107.02	0.64078	3.2015
0.69525	107.16	0.64650	3.2055
0.70050	107.26	0.65236	3.2086
0.70565	107.42	0.65812	3.2134
0.71081	107.56	0.66390	3.2176
0.71612	107.70	0.66986	3.2219
0.72133	107.77	0.67571	3.2238
0.72673	107.86	0.68179	3.2265
0.73213	107.95	0.68787	3.2293
0.73740	108.08	0.69382	3.2331
0.74275	108.16	0.69986	3.2356
0.74822	108.26	0.70605	3.2385
0.75378	108.53	0.71235	3.2466
0.75909	108.72	0.71838	3.2522
0.76466	108.86	0.72471	3.2564
0.77022	108.97	0.73103	3.2597
0.77577	109.08	0.73736	3.2629
0.78129	109.22	0.74366	3.2671
0.78693	109.25	0.75011	3.2681
0.79260	109.28	0.75660	3.2691
0.79815	109.37	0.76296	3.2717
0.80381	109.47	0.76946	3.2746
0.80956	109.63	0.77607	3.2794
0.81516	109.76	0.78251	3.2835
0.82076	109.86	0.78897	3.2865
0.82672	110.00	0.79585	3.2905
0.83231	110.13	0.80231	3.2944
0.83816	110.27	0.80908	3.2986
0.84390	110.43	0.81574	3.3036
0.85043	110.68	0.82332	3.3109
0.85506	110.79	0.82870	3.3142
0.86084	110.99	0.83542	3.3201
0.86661	111.14	0.84215	3.3246
0.87247	111.12	0.84899	3.3242
0.87834	111.29	0.85585	3.3293
0.88412	111.44	0.86261	3.3335
0.88997	111.58	0.86946	3.3380
0.89581	111.75	0.87631	3.3430
0.90159	111.91	0.88310	3.3477
0.90759	112.11	0.89016	3.3536
0.91349	112.27	0.89711	3.3584
0.91944	112.44	0.90412	3.3637
0.92523	112.56	0.91096	3.3673
0.93124	112.67	0.91807	3.3703
0.93712	112.80	0.92503	3.3743
0.94307	113.02	0.93208	3.3811
0.94903	113.19	0.93915	3.3860
0.95508	113.33	0.94634	3.3902
0.96095	113.51	0.95332	3.3956
0.96699	113.66	0.96052	3.4000
0.97294	113.79	0.96762	3.4039
0.97901	114.00	0.97487	3.4102
0.98510	114.24	0.98215	3.4175
0.99110	114.48	0.98933	3.4245
0.99719	114.66	0.99663	3.4300
1.0034	114.79	1.0041	3.4338
1.0095	115.02	1.0114	3.4408
1.0157	115.21	1.0189	3.4463
1.0220	115.37	1.0265	3.4512
1.0284	115.53	1.0342	3.4561
1.0347	115.69	1.0418	3.4609
1.0410	115.91	1.0494	3.4674
1.0473	116.06	1.0570	3.4718
1.0537	116.23	1.0648	3.4769
1.0601	116.42	1.0725	3.4827
1.0665	116.66	1.0803	3.4898
1.0732	116.78	1.0885	3.4934
1.0796	117.00	1.0963	3.4999
1.0862	117.17	1.1043	3.5052
1.0929	117.47	1.1125	3.5140
1.0996	117.63	1.1207	3.5189
1.1063	117.80	1.1289	3.5239
1.1132	117.99	1.1373	3.5296
1.1202	118.13	1.1459	3.5338
1.1272	118.26	1.1545	3.5378
1.1342	118.45	1.1631	3.5434
1.1412	118.61	1.1717	3.5481
1.1485	118.76	1.1807	3.5526
1.1557	118.94	1.1896	3.5581
1.1631	119.24	1.1988	3.5671
1.1705	119.44	1.2079	3.5730
1.1779	119.60	1.2171	3.5779
1.1854	119.77	1.2264	3.5828
1.1929	119.97	1.2357	3.5888
1.2006	120.25	1.2453	3.5972
1.2082	120.43	1.2548	3.6026
1.2160	120.60	1.2645	3.6077
1.2237	120.83	1.2741	3.6145
1.2313	121.07	1.2836	3.6217
1.2392	121.33	1.2935	3.6296
1.2469	121.45	1.3032	3.6331
1.2548	121.69	1.3131	3.6402
1.2624	121.86	1.3226	3.6454
1.2704	122.02	1.3327	3.6502
1.2783	122.24	1.3426	3.6566
1.2860	122.53	1.3524	3.6655
1.2937	122.79	1.3621	3.6733
1.3017	123.13	1.3722	3.6832
1.3095	123.38	1.3821	3.6909
1.3172	123.65	1.3918	3.6988
1.3250	123.78	1.4017	3.7030
1.3329	124.06	1.4117	3.7112
1.3405	124.36	1.4214	3.7202
1.3483	124.65	1.4313	3.7288
1.3564	124.89	1.4417	3.7360
1.3640	125.08	1.4514	3.7416
1.3717	125.29	1.4612	3.7481
1.3795	125.60	1.4712	3.7572
1.3873	125.87	1.4812	3.7652
1.3949	126.09	1.4909	3.7719
1.4028	126.33	1.5010	3.7792
1.4105	126.63	1.5109	3.7880
1.4182	126.88	1.5208	3.7956
1.4260	127.18	1.5309	3.8044
1.4336	127.41	1.5407	3.8114
1.4413	127.64	1.5506	3.8181
1.4488	127.82	1.5603	3.8237
1.4569	128.06	1.5708	3.8307
1.4646	128.16	1.5807	3.8340
1.4724	128.36	1.5909	3.8399
1.4802	128.64	1.6010	3.8481
1.4876	128.88	1.6106	3.8555
1.4952	129.10	1.6205	3.8618
1.5032	129.32	1.6309	3.8686
1.5106	129.52	1.6405	3.8746
1.5184	129.74	1.6507	3.8812
1.5260	130.01	1.6606	3.8891
1.5337	130.29	1.6707	3.8977
1.5412	130.47	1.6805	3.9028
1.5491	130.61	1.6908	3.9072
1.5566	130.77	1.7006	3.9121
1.5642	131.03	1.7106	3.9197
1.5716	131.18	1.7203	3.9243
1.5794	131.44	1.7306	3.9318
1.5870	131.67	1.7406	3.9387
1.5947	131.94	1.7507	3.9470
1.6023	132.13	1.7607	3.9525
1.6095	132.34	1.7702	3.9590
1.6165	132.61	1.7795	3.9668
1.6242	132.92	1.7896	3.9764
1.6321	133.18	1.8001	3.9842
1.6396	133.35	1.8100	3.9892
1.6469	133.58	1.8197	3.9961
1.6545	133.82	1.8298	4.0031
1.6621	134.13	1.8399	4.0123
1.6693	134.37	1.8494	4.0196
1.6770	134.59	1.8597	4.0260
1.6843	134.78	1.8694	4.0319
1.6920	134.98	1.8797	4.0380
1.6996	135.18	1.8898	4.0439
1.7069	135.48	1.8995	4.0530
1.7144	135.79	1.9096	4.0620
1.7214	135.99	1.9189	4.0679
1.7291	136.20	1.9292	4.0742
1.7363	136.35	1.9389	4.0787
1.7440	136.65	1.9492	4.0878
1.7513	136.86	1.9590	4.0942
1.7585	137.12	1.9687	4.1019
1.7658	137.37	1.9785	4.1093
1.7732	137.59	1.9884	4.1158
1.7806	137.82	1.9984	4.1230
1.7879	138.10	2.0082	4.1311
1.7952	138.33	2.0181	4.1381
1.8021	138.61	2.0274	4.1466
1.8094	138.89	2.0372	4.1548
1.8168	139.03	2.0472	4.1591
1.8236	139.23	2.0564	4.1649
1.8311	139.52	2.0666	4.1736
1.8382	139.70	2.0762	4.1790
1.8455	139.96	2.0861	4.1868
1.8525	140.25	2.0956	4.1954
1.8597	140.46	2.1054	4.2018
1.8670	140.63	2.1153	4.2069
1.8738	140.84	2.1246	4.2131
1.8813	141.12	2.1348	4.2215
1.8882	141.43	2.1442	4.2309
1.8953	141.57	2.1538	4.2349
1.9021	141.76	2.1631	4.2408
1.9090	141.96	2.1725	4.2468
1.9163	142.18	2.1825	4.2533
1.9234	142.46	2.1922	4.2617
1.9299	142.62	2.2011	4.2664
1.9370	142.72	2.2108	4.2693
1.9441	142.93	2.2206	4.2756
1.9506	143.12	2.2295	4.2815
1.9582	143.28	2.2399	4.2863
1.9645	143.48	2.2485	4.2922
1.9713	143.79	2.2579	4.3015
1.9782	143.94	2.2674	4.3060
1.9852	144.22	2.2770	4.3143
1.9921	144.43	2.2865	4.3205
1.9986	144.64	2.2955	4.3269
2.0052	144.86	2.3046	4.3334
2.0121	145.12	2.3141	4.3413
2.0188	145.38	2.3233	4.3489
2.0260	145.59	2.3333	4.3552
2.0326	145.81	2.3424	4.3617
2.0392	146.01	2.3515	4.3677
2.0457	146.30	2.3605	4.3766
2.0527	146.57	2.3702	4.3845
2.0590	146.82	2.3790	4.3921
2.0660	146.99	2.3887	4.3971
2.0724	147.26	2.3976	4.4054
2.0792	147.49	2.4070	4.4120
2.0857	147.75	2.4160	4.4198
2.0917	147.98	2.4244	4.4269
2.0989	148.23	2.4344	4.4342
2.1052	148.43	2.4432	4.4403
2.1117	148.57	2.4522	4.4443
2.1184	148.80	2.4616	4.4514
2.1246	149.03	2.4702	4.4581
2.1313	149.13	2.4796	4.4610
2.1382	149.35	2.4892	4.4677
2.1447	149.51	2.4983	4.4726
2.1509	149.68	2.5069	4.4776
2.1571	149.87	2.5156	4.4833
2.1634	150.10	2.5244	4.4902
2.1699	150.20	2.5335	4.4932
2.1764	150.45	2.5426	4.5005
2.1826	150.63	2.5513	4.5062
2.1893	150.82	2.5607	4.5118
2.2020	151.19	2.5786	4.5226
2.2086	151.42	2.5879	4.5298
2.2141	151.74	2.5956	4.5393
2.2210	151.91	2.6053	4.5443
2.2270	152.09	2.6138	4.5498
2.2329	152.28	2.6221	4.5554
2.2392	152.56	2.6309	4.5637
2.2458	152.80	2.6403	4.5710
2.2518	153.07	2.6487	4.5791
2.2582	153.31	2.6578	4.5862
2.2645	153.45	2.6667	4.5903
2.2703	153.63	2.6749	4.5957
2.2769	153.89	2.6842	4.6036
2.2833	154.07	2.6932	4.6089
2.2890	154.29	2.7013	4.6155
2.2950	154.43	2.7098	4.6197
2.3010	154.67	2.7183	4.6269
2.3073	154.88	2.7272	4.6332
2.3136	155.06	2.7362	4.6387
2.3195	155.27	2.7446	4.6450
2.3259	155.47	2.7537	4.6510
2.3318	155.68	2.7620	4.6570
2.3373	155.87	2.7699	4.6626
2.3441	156.03	2.7795	4.6675
2.3499	156.24	2.7878	4.6739
2.3560	156.47	2.7965	4.6806
2.3619	156.70	2.8049	4.6875
2.3683	156.88	2.8140	4.6929
2.3745	157.13	2.8228	4.7006
2.3807	157.33	2.8317	4.7063
2.3860	157.52	2.8393	4.7121
2.3923	157.67	2.8483	4.7166
2.3986	157.84	2.8573	4.7217
2.4039	158.08	2.8648	4.7289
2.4101	158.27	2.8737	4.7347
2.4163	158.46	2.8826	4.7404
2.4222	158.75	2.8910	4.7488
2.4279	158.95	2.8992	4.7549
2.4345	159.20	2.9087	4.7623
2.4394	159.35	2.9157	4.7669
2.4452	159.63	2.9240	4.7753
2.4516	159.83	2.9332	4.7813
2.4575	160.07	2.9417	4.7884
2.4631	160.21	2.9497	4.7927
2.4693	160.41	2.9586	4.7986
2.4752	160.62	2.9671	4.8049
2.4806	160.79	2.9749	4.8101
2.4872	160.92	2.9844	4.8137
2.4930	161.12	2.9927	4.8199
2.4988	161.25	3.0011	4.8238
2.5055	161.41	3.0107	4.8286
2.5107	161.55	3.0182	4.8326
2.5166	161.73	3.0268	4.8380
2.5222	162.05	3.0348	4.8477
2.5285	162.21	3.0439	4.8523
2.5341	162.46	3.0520	4.8598
2.5408	162.69	3.0617	4.8666
2.5456	162.84	3.0687	4.8712
2.5516	163.03	3.0773	4.8769
2.5568	163.20	3.0849	4.8822
2.5623	163.49	3.0928	4.8907
2.5691	163.48	3.1027	4.8904
2.5756	163.70	3.1121	4.8970
2.5802	163.89	3.1188	4.9026
2.5865	164.09	3.1279	4.9087
2.5924	164.31	3.1365	4.9153
2.5972	164.50	3.1434	4.9209
2.6048	164.69	3.1545	4.9266
2.6089	164.92	3.1604	4.9335
2.6156	165.08	3.1702	4.9383
2.6214	165.32	3.1786	4.9454
2.6285	165.46	3.1890	4.9497
2.6327	165.71	3.1951	4.9571
2.6392	165.94	3.2045	4.9641
2.6445	166.04	3.2123	4.9671
2.6514	166.23	3.2223	4.9727
2.6557	166.37	3.2286	4.9768
2.6620	166.58	3.2378	4.9831
2.6680	166.81	3.2466	4.9901
2.6733	167.04	3.2543	4.9969
2.6797	167.20	3.2636	5.0016
2.6848	167.35	3.2711	5.0062
2.6909	167.66	3.2800	5.0155
2.6964	167.86	3.2881	5.0216
2.7019	167.99	3.2961	5.0254
2.7084	168.23	3.3056	5.0324
2.7139	168.43	3.3137	5.0384
2.7202	168.63	3.3229	5.0445
2.7254	168.85	3.3306	5.0512
2.7307	169.05	3.3383	5.0572
2.7370	169.22	3.3476	5.0621
2.7427	169.35	3.3559	5.0660
2.7480	169.59	3.3637	5.0731
2.7541	169.74	3.3727	5.0777
2.7598	169.97	3.3811	5.0846
2.7656	170.11	3.3896	5.0889
2.7717	170.24	3.3986	5.0925
2.7768	170.46	3.4061	5.0992
2.7822	170.56	3.4140	5.1023
2.7892	170.77	3.4243	5.1085
2.7947	171.02	3.4324	5.1160
2.8002	171.27	3.4405	5.1234
2.8058	171.51	3.4488	5.1306
2.8118	171.72	3.4577	5.1371
2.8181	171.82	3.4670	5.1400
2.8237	172.04	3.4752	5.1464
2.8283	172.23	3.4820	5.1521
2.8351	172.42	3.4921	5.1580
2.8408	172.62	3.5005	5.1638
2.8477	172.74	3.5107	5.1675
2.8527	172.94	3.5181	5.1734
2.8580	173.23	3.5259	5.1822
2.8642	173.49	3.5351	5.1900
2.8693	173.73	3.5427	5.1970
2.8755	173.88	3.5519	5.2015
2.8810	174.01	3.5600	5.2056
2.8865	174.21	3.5682	5.2115
2.8928	174.44	3.5775	5.2184
2.8995	174.67	3.5875	5.2252
2.9039	174.90	3.5940	5.2320
2.9103	175.05	3.6035	5.2365
2.9155	175.17	3.6112	5.2401
2.9211	175.26	3.6196	5.2430
2.9276	175.39	3.6292	5.2466
2.9329	175.56	3.6371	5.2517
2.9394	175.76	3.6468	5.2578
2.9447	175.95	3.6547	5.2633
2.9505	176.12	3.6633	5.2686
2.9567	176.22	3.6726	5.2715
2.9624	176.44	3.6811	5.2780
2.9678	176.65	3.6891	5.2843
2.9737	176.78	3.6979	5.2883
2.9795	176.93	3.7066	5.2928
2.9850	177.06	3.7148	5.2966
2.9909	177.16	3.7236	5.2997
2.9973	177.38	3.7332	5.3062
3.0028	177.52	3.7414	5.3105
3.0088	177.69	3.7504	5.3157
3.0143	177.96	3.7586	5.3236
3.0208	178.13	3.7683	5.3287
3.0264	178.29	3.7767	5.3335
3.0320	178.49	3.7851	5.3393
3.0386	178.69	3.7950	5.3455
3.0434	178.85	3.8022	5.3501
3.0508	179.12	3.8133	5.3583
3.0552	179.29	3.8199	5.3632
3.0610	179.51	3.8286	5.3701
3.0667	179.75	3.8371	5.3772
3.0734	179.96	3.8472	5.3833
3.0783	180.21	3.8545	5.3909
3.0842	180.31	3.8634	5.3938
3.0914	180.57	3.8742	5.4017
3.0972	180.80	3.8830	5.4085
3.1031	180.99	3.8918	5.4142
3.1086	181.22	3.9001	5.4210
3.1136	181.43	3.9076	5.4273
3.1196	181.66	3.9167	5.4343
3.1255	181.97	3.9256	5.4435
3.1320	182.21	3.9354	5.4506
3.1371	182.37	3.9431	5.4556
3.1436	182.56	3.9529	5.4613
3.1492	182.76	3.9613	5.4672
3.1553	182.98	3.9705	5.4736
3.1619	183.16	3.9805	5.4791
3.1671	183.47	3.9884	5.4885
3.1728	183.62	3.9970	5.4928
3.1785	183.83	4.0056	5.4993
3.1861	184.00	4.0171	5.5044
3.1914	184.23	4.0251	5.5112
3.1966	184.44	4.0330	5.5173
3.2034	184.67	4.0433	5.5244
3.2082	184.99	4.0505	5.5339
3.2150	185.13	4.0609	5.5380
3.2204	185.29	4.0690	5.5428
3.2258	185.52	4.0772	5.5498
3.2321	185.69	4.0868	5.5548
3.2370	185.90	4.0942	5.5612
3.2450	186.13	4.1064	5.5680
3.2509	186.26	4.1153	5.5718
3.2569	186.41	4.1244	5.5764
3.2629	186.60	4.1336	5.5820
3.2679	186.84	4.1412	5.5892
3.2744	187.09	4.1511	5.5968
3.2800	187.35	4.1596	5.6044
3.2860	187.48	4.1687	5.6085
3.2916	187.73	4.1772	5.6159
3.2987	187.95	4.1880	5.6224
3.3039	188.16	4.1960	5.6289
3.3110	188.34	4.2068	5.6341
3.3162	188.50	4.2147	5.6389
3.3213	188.66	4.2225	5.6437
3.3276	188.89	4.2321	5.6505
3.3338	189.11	4.2416	5.6571
3.3401	189.27	4.2512	5.6618
3.3442	189.50	4.2575	5.6688
3.3521	189.75	4.2695	5.6762
3.3574	189.94	4.2776	5.6821
3.3637	190.22	4.2873	5.6903
3.3690	190.39	4.2954	5.6954
3.3759	190.66	4.3059	5.7034
3.3818	190.88	4.3150	5.7100
3.3877	191.08	4.3240	5.7161
3.3931	191.20	4.3323	5.7198
3.3985	191.41	4.3405	5.7260
3.4055	191.56	4.3513	5.7303
3.4120	191.79	4.3612	5.7374
3.4169	191.91	4.3688	5.7408
3.4224	192.12	4.3772	5.7472
3.4289	192.30	4.3872	5.7527
3.4344	192.46	4.3956	5.7575
3.4394	192.69	4.4033	5.7642
3.4460	192.93	4.4135	5.7714
3.4515	193.05	4.4219	5.7751
3.4565	193.12	4.4296	5.7770
3.4627	193.31	4.4391	5.7827
3.4660	193.47	4.4442	5.7876
3.4750	193.63	4.4581	5.7924
3.4773	193.81	4.4616	5.7977
3.4857	193.93	4.4745	5.8013
3.4891	194.13	4.4798	5.8074
3.4948	194.19	4.4886	5.8091
3.5010	194.40	4.4981	5.8154
3.5062	194.58	4.5061	5.8207
3.5113	194.79	4.5140	5.8270
3.5182	194.95	4.5246	5.8318
3.5239	195.12	4.5334	5.8371
3.5286	195.26	4.5407	5.8412
3.5349	195.51	4.5504	5.8487
3.5401	195.73	4.5585	5.8551
3.5454	195.91	4.5667	5.8606
3.5518	196.18	4.5766	5.8685
3.5571	196.35	4.5847	5.8738
3.5629	196.49	4.5937	5.8780
3.5671	196.66	4.6002	5.8830
3.5724	196.96	4.6084	5.8921
3.5789	197.18	4.6185	5.8987
3.5848	197.42	4.6276	5.9058
3.5902	197.52	4.6360	5.9088
3.5937	197.70	4.6414	5.9142
3.5991	197.90	4.6498	5.9199
3.6051	198.05	4.6591	5.9245
3.6105	198.30	4.6675	5.9320
3.6159	198.47	4.6758	5.9372
3.6220	198.65	4.6853	5.9425
3.6274	198.87	4.6937	5.9491
3.6311	199.06	4.6994	5.9549
3.6359	199.23	4.7069	5.9599
3.6420	199.50	4.7164	5.9680
3.6482	199.61	4.7260	5.9712
3.6518	199.73	4.7316	5.9749
3.6562	199.89	4.7384	5.9796
3.6629	200.05	4.7489	5.9843
3.6673	200.22	4.7557	5.9894
3.6728	200.42	4.7643	5.9954
3.6766	200.62	4.7702	6.0015
3.6809	200.77	4.7769	6.0060
3.6859	200.97	4.7847	6.0121
3.6934	201.14	4.7964	6.0171
3.6947	201.39	4.7984	6.0246
3.7022	201.57	4.8101	6.0298
3.7047	201.77	4.8140	6.0360
3.7097	201.95	4.8218	6.0412
3.7148	202.08	4.8297	6.0450
3.7180	202.29	4.8347	6.0513
3.7237	202.43	4.8436	6.0557
3.7288	202.53	4.8516	6.0585
3.7326	202.68	4.8575	6.0630
3.7377	202.82	4.8655	6.0672
3.7415	202.88	4.8714	6.0690
3.7454	203.09	4.8775	6.0753
3.7505	203.29	4.8855	6.0813
3.7557	203.50	4.8936	6.0876
3.7602	203.77	4.9006	6.0956
3.7634	203.93	4.9056	6.1004
3.7693	204.05	4.9149	6.1040
3.7732	204.12	4.9210	6.1062
3.7771	204.23	4.9271	6.1094
3.7803	204.38	4.9321	6.1139
3.7862	204.58	4.9413	6.1200
3.7901	204.65	4.9474	6.1219
3.7947	204.82	4.9546	6.1270
3.7954	204.94	4.9557	6.1306
3.8006	205.13	4.9639	6.1363
3.8059	205.36	4.9722	6.1434
3.8079	205.50	4.9753	6.1475
3.8132	205.62	4.9836	6.1510
3.8172	205.85	4.9899	6.1578
3.8218	205.94	4.9971	6.1607
3.8265	206.07	5.0045	6.1644
3.8285	206.26	5.0077	6.1703
3.8311	206.37	5.0117	6.1733
3.8365	206.53	5.0202	6.1782
3.8392	206.64	5.0245	6.1816
3.8418	206.67	5.0285	6.1825
3.8465	206.78	5.0359	6.1857
3.8492	206.87	5.0402	6.1884
3.8539	207.05	5.0475	6.1939
3.8546	207.17	5.0486	6.1973
3.8593	207.21	5.0560	6.1985
3.8607	207.30	5.0582	6.2011
3.8661	207.50	5.0667	6.2071
3.8681	207.58	5.0699	6.2097
3.8709	207.65	5.0743	6.2118
3.8749	207.68	5.0806	6.2126
3.8783	207.74	5.0859	6.2144
3.8824	207.76	5.0924	6.2150
3.8845	207.93	5.0957	6.2202
3.8893	207.94	5.1032	6.2203
3.8906	208.06	5.1053	6.2239
3.8948	208.16	5.1119	6.2271
3.8982	208.28	5.1173	6.2307
3.9009	208.41	5.1215	6.2344
3.9058	208.45	5.1292	6.2356
3.9065	208.55	5.1303	6.2387
3.9099	208.62	5.1357	6.2406
3.9127	208.72	5.1401	6.2437
3.9168	208.87	5.1466	6.2483
3.9182	208.99	5.1488	6.2518
3.9217	209.16	5.1543	6.2569
3.9252	209.30	5.1598	6.2612
3.9286	209.35	5.1652	6.2627
3.9314	209.39	5.1696	6.2637
3.9328	209.50	5.1718	6.2672
3.9363	209.59	5.1773	6.2697
3.9391	209.73	5.1817	6.2739
3.9426	209.77	5.1873	6.2753
3.9440	209.95	5.1895	6.2806
3.9475	210.02	5.1950	6.2828
3.9510	210.15	5.2005	6.2865
3.9517	210.25	5.2016	6.2894
3.9546	210.39	5.2062	6.2938
3.9574	210.54	5.2107	6.2982
3.9602	210.64	5.2151	6.3011
3.9630	210.67	5.2195	6.3021
3.9659	210.80	5.2241	6.3060
3.9708	211.03	5.2318	6.3127
3.9729	211.14	5.2352	6.3163
3.9751	211.25	5.2386	6.3195
3.9758	211.32	5.2397	6.3216
3.9808	211.42	5.2476	6.3246
3.9815	211.48	5.2488	6.3264
3.9858	211.64	5.2556	6.3312
3.9872	211.73	5.2578	6.3338
3.9900	211.90	5.2622	6.3390
3.9915	211.96	5.2646	6.3407
3.9929	211.97	5.2668	6.3409
3.9958	212.00	5.2714	6.3420
3.9972	212.04	5.2736	6.3431
4.0015	212.07	5.2804	6.3440
4.0022	212.11	5.2815	6.3450
4.0065	212.16	5.2883	6.3466
4.0087	212.19	5.2918	6.3474
4.0116	212.31	5.2964	6.3512
4.0123	212.25	5.2975	6.3493
4.0152	212.28	5.3021	6.3502
4.0159	212.42	5.3032	6.3543
4.0195	212.49	5.3089	6.3566
4.0210	212.63	5.3113	6.3608
4.0217	212.64	5.3124	6.3609
4.0246	212.72	5.3170	6.3635
4.0268	212.76	5.3205	6.3645
4.0275	212.76	5.3216	6.3645
4.0304	212.79	5.3262	6.3654
4.0319	212.82	5.3286	6.3665
4.0333	212.90	5.3308	6.3687
4.0370	212.92	5.3367	6.3694
4.0377	212.97	5.3378	6.3708
4.0384	213.05	5.3389	6.3734
4.0406	213.15	5.3424	6.3764
4.0436	213.23	5.3471	6.3788
4.0443	213.31	5.3483	6.3811
4.0457	213.34	5.3505	6.3818
4.0494	213.46	5.3563	6.3855
4.0494	213.39	5.3563	6.3834
4.0516	213.57	5.3598	6.3890
4.0523	213.58	5.3610	6.3890
4.0553	213.61	5.3657	6.3902
4.0560	213.59	5.3668	6.3894
4.0575	213.49	5.3692	6.3866
4.0597	213.54	5.3727	6.3880
4.0612	213.62	5.3751	6.3903
4.0626	213.59	5.3773	6.3895
4.0634	213.63	5.3786	6.3906
4.0663	213.76	5.3832	6.3946
4.0671	213.81	5.3845	6.3960
4.0678	213.90	5.3856	6.3987
4.0715	214.15	5.3914	6.4061
4.0715	214.05	5.3914	6.4031
4.0722	214.18	5.3926	6.4070
4.0752	214.37	5.3973	6.4127
4.0752	214.28	5.3973	6.4101
4.0759	214.33	5.3984	6.4117
4.0804	214.46	5.4056	6.4154
4.0811	214.63	5.4067	6.4206
4.0811	214.61	5.4067	6.4199
4.0826	214.67	5.4091	6.4218
4.0834	214.77	5.4104	6.4247
4.0863	214.79	5.4150	6.4253
4.0871	214.93	5.4162	6.4295
4.0893	215.05	5.4197	6.4332
4.0893	215.01	5.4197	6.4320
4.0901	215.00	5.4210	6.4316
4.0923	215.09	5.4245	6.4344
4.0938	215.13	5.4269	6.4355
4.0938	215.15	5.4269	6.4362
4.0945	215.24	5.4280	6.4389
4.0960	215.21	5.4304	6.4378
4.0983	215.26	5.4341	6.4393
4.0983	215.23	5.4341	6.4384
4.1005	215.28	5.4376	6.4399
4.1013	215.31	5.4388	6.4410
4.1028	215.45	5.4412	6.4450
4.1028	215.39	5.4412	6.4433
4.1035	215.39	5.4423	6.4432
4.1058	215.39	5.4460	6.4433
4.1073	215.42	5.4484	6.4441
4.1088	215.42	5.4508	6.4441
4.1095	215.50	5.4519	6.4466
4.1103	215.53	5.4532	6.4476
4.1125	215.47	5.4567	6.4456
4.1133	215.53	5.4579	6.4476
4.1140	215.61	5.4591	6.4499
4.1155	215.70	5.4614	6.4526
4.1163	215.73	5.4627	6.4535
4.1178	215.73	5.4651	6.4533
4.1185	215.71	5.4662	6.4528
4.1185	215.74	5.4662	6.4537
4.1200	215.76	5.4686	6.4544
4.1200	215.72	5.4686	6.4532
4.1231	215.77	5.4735	6.4545
4.1238	215.77	5.4747	6.4546
4.1238	215.76	5.4747	6.4543
4.1246	215.71	5.4759	6.4528
4.1261	216.00	5.4783	6.4616
4.1261	215.82	5.4783	6.4561
4.1276	215.98	5.4807	6.4610
4.1291	216.02	5.4831	6.4621
4.1291	215.96	5.4831	6.4602
4.1314	216.04	5.4868	6.4627
4.1314	216.00	5.4868	6.4614
4.1321	216.11	5.4879	6.4650
4.1329	216.13	5.4892	6.4655
4.1352	216.15	5.4928	6.4660
4.1359	216.16	5.4939	6.4662
4.1367	216.22	5.4952	6.4682
4.1375	216.41	5.4965	6.4737
4.1375	216.28	5.4965	6.4700
4.1382	216.45	5.4976	6.4750
4.1405	216.65	5.5013	6.4809
4.1405	216.57	5.5013	6.4785
4.1405	216.56	5.5013	6.4782
4.1420	216.77	5.5037	6.4846
4.1428	216.81	5.5049	6.4858
4.1443	216.95	5.5073	6.4900
4.1458	216.88	5.5097	6.4880
4.1466	216.90	5.5110	6.4884
4.1466	216.93	5.5110	6.4895
4.1466	216.75	5.5110	6.4839
4.1466	216.81	5.5110	6.4858
4.1473	217.01	5.5121	6.4916
4.1489	217.08	5.5147	6.4938
4.1496	217.05	5.5158	6.4928
4.1496	217.06	5.5158	6.4932
4.1519	217.05	5.5195	6.4930
4.1519	216.99	5.5195	6.4913
4.1527	217.09	5.5207	6.4941
4.1542	217.12	5.5231	6.4951
4.1550	217.11	5.5244	6.4946
4.1557	217.11	5.5255	6.4947
4.1565	217.20	5.5268	6.4974
4.1565	217.12	5.5268	6.4949
4.1565	217.07	5.5268	6.4935
4.1573	217.26	5.5281	6.4991
4.1596	217.23	5.5317	6.4983
4.1596	217.30	5.5317	6.5004
4.1603	217.35	5.5329	6.5018
4.1611	217.43	5.5341	6.5044
4.1611	217.48	5.5341	6.5058
4.1634	217.47	5.5378	6.5057
4.1642	217.56	5.5391	6.5083
4.1642	217.56	5.5391	6.5082
4.1649	217.48	5.5402	6.5058
4.1657	217.63	5.5415	6.5104
4.1657	217.51	5.5415	6.5066
4.1665	217.72	5.5428	6.5131
4.1673	217.74	5.5440	6.5135
4.1673	217.75	5.5440	6.5138
4.1688	217.75	5.5464	6.5137
4.1703	217.82	5.5488	6.5158
4.1703	217.80	5.5488	6.5153
4.1711	217.79	5.5501	6.5152
4.1711	217.83	5.5501	6.5164
4.1711	217.86	5.5501	6.5171
4.1719	217.74	5.5514	6.5137
4.1719	217.74	5.5514	6.5135
4.1742	217.79	5.5550	6.5150
4.1742	217.81	5.5550	6.5157
4.1742	217.79	5.5550	6.5150
4.1749	217.87	5.5562	6.5176
4.1749	217.90	5.5562	6.5184
4.1757	217.84	5.5574	6.5165
4.1757	217.81	5.5574	6.5156
4.1765	217.91	5.5587	6.5186
4.1780	218.00	5.5611	6.5215
4.1796	217.98	5.5637	6.5209
4.1804	218.16	5.5650	6.5262
4.1804	218.04	5.5650	6.5226
4.1811	218.19	5.5661	6.5270
4.1819	218.24	5.5673	6.5285
4.1819	218.19	5.5673	6.5271
4.1819	218.20	5.5673	6.5274
4.1827	218.24	5.5686	6.5285
4.1827	218.22	5.5686	6.5280
4.1834	218.22	5.5697	6.5280
4.1842	218.24	5.5710	6.5286
4.1858	218.14	5.5736	6.5256
4.1858	218.18	5.5736	6.5266
4.1873	218.31	5.5760	6.5305
4.1873	218.26	5.5760	6.5291
4.1873	218.21	5.5760	6.5277
4.1881	218.30	5.5773	6.5303
4.1889	218.29	5.5785	6.5301
4.1889	218.27	5.5785	6.5295
4.1889	218.29	5.5785	6.5301
4.1896	218.34	5.5797	6.5316
4.1896	218.32	5.5797	6.5310
4.1904	218.40	5.5809	6.5334
4.1912	218.40	5.5822	6.5333
4.1912	218.33	5.5822	6.5314
4.1920	218.39	5.5835	6.5330
4.1927	218.59	5.5846	6.5389
4.1927	218.53	5.5846	6.5372
4.1935	218.57	5.5859	6.5384
4.1943	218.61	5.5872	6.5396
4.1951	218.66	5.5884	6.5410
4.1958	218.70	5.5896	6.5423
4.1958	218.66	5.5896	6.5411
4.1959	218.74	5.5897	6.5434
4.1959	218.74	5.5897	6.5434
4.1966	218.71	5.5908	6.5426
4.1974	218.79	5.5921	6.5449
4.1974	218.79	5.5921	6.5450
4.1974	218.68	5.5921	6.5418
4.1990	218.93	5.5947	6.5491
4.1990	218.84	5.5947	6.5464
4.1997	218.86	5.5958	6.5470
4.1997	218.88	5.5958	6.5477
4.1997	218.91	5.5958	6.5486
4.2005	218.86	5.5971	6.5469
4.2005	218.77	5.5971	6.5443
4.2013	218.87	5.5984	6.5475
4.2021	218.81	5.5996	6.5456
4.2021	218.82	5.5996	6.5458
4.2036	218.90	5.6020	6.5484
4.2036	218.87	5.6020	6.5475
4.2036	218.88	5.6020	6.5477
4.2036	218.82	5.6020	6.5458
4.2044	218.92	5.6033	6.5490
4.2044	218.92	5.6033	6.5488
4.2052	218.94	5.6046	6.5496
4.2052	218.86	5.6046	6.5472
4.2052	218.91	5.6046	6.5487
4.2060	218.90	5.6059	6.5481
4.2060	218.98	5.6059	6.5508
4.2060	218.98	5.6059	6.5506
4.2075	218.86	5.6083	6.5472
4.2083	218.85	5.6096	6.5468
4.2083	218.85	5.6096	6.5469
4.2083	218.90	5.6096	6.5484
4.2091	219.08	5.6108	6.5537
4.2099	218.97	5.6121	6.5503
4.2099	218.96	5.6121	6.5499
4.2099	218.96	5.6121	6.5501
4.2099	219.01	5.6121	6.5516
4.2107	218.98	5.6134	6.5508
4.2107	219.07	5.6134	6.5534
4.2107	219.16	5.6134	6.5559
4.2114	219.24	5.6145	6.5584
4.2114	219.18	5.6145	6.5566
