0.226325 	 0.000408872 
0.230698 	 0.000481276 
0.23507 	 0.000698298 
0.239443 	 0.00072644 
0.243815 	 0.000849145 
0.248188 	 0.000950843 
0.252561 	 0.00113971 
0.256933 	 0.00133554 
0.261306 	 0.00151908 
0.265679 	 0.001537 
0.270051 	 0.00159662 
0.274424 	 0.00192137 
0.278796 	 0.0021891 
0.283169 	 0.00245797 
0.287542 	 0.00267963 
0.291914 	 0.00294367 
0.296287 	 0.00318567 
0.300659 	 0.00339972 
0.305032 	 0.00368073 
0.309405 	 0.00386043 
0.313777 	 0.00403719 
0.31815 	 0.00423911 
0.322523 	 0.00441762 
0.326895 	 0.0046543 
0.331268 	 0.00483036 
0.33564 	 0.00501992 
0.340013 	 0.0052451 
0.344386 	 0.00551251 
0.348758 	 0.00587299 
0.353131 	 0.00617431 
0.357503 	 0.0065216 
0.361876 	 0.00676848 
0.366249 	 0.00699119 
0.370621 	 0.00720428 
0.374994 	 0.0074984 
0.379367 	 0.00769662 
0.383739 	 0.00781258 
0.388112 	 0.00785591 
0.392484 	 0.00794187 
0.396857 	 0.00803582 
0.40123 	 0.00801269 
0.405602 	 0.00808427 
0.409975 	 0.00809032 
0.414347 	 0.00809584 
0.41872 	 0.00809699 
0.423093 	 0.0081089 
0.427465 	 0.00814708 
0.431838 	 0.00816199 
0.436211 	 0.0080665 
0.440583 	 0.00815881 
0.444956 	 0.00821397 
0.449328 	 0.00813752 
0.453701 	 0.00822395 
0.458074 	 0.00825161 
0.462446 	 0.00825946 
0.466819 	 0.00830412 
0.471192 	 0.00827732 
0.475564 	 0.00835329 
0.479937 	 0.00833461 
0.484309 	 0.00833325 
0.488682 	 0.00837126 
0.493055 	 0.00839114 
0.497427 	 0.00837083 
0.5018 	 0.0084168 
0.506172 	 0.0084377 
0.510545 	 0.00843702 
0.514918 	 0.00842835 
0.51929 	 0.00843846 
0.523663 	 0.0084636 
0.528036 	 0.00837958 
0.532408 	 0.00845486 
0.536781 	 0.00848857 
0.541153 	 0.00851083 
0.545526 	 0.00848083 
0.549899 	 0.00849156 
0.554271 	 0.00849415 
0.558644 	 0.00853782 
0.563016 	 0.00852783 
0.567389 	 0.00850309 
0.571762 	 0.0085518 
0.576134 	 0.00858709 
0.580507 	 0.00857989 
0.58488 	 0.00862214 
0.589252 	 0.00860139 
0.593625 	 0.00861757 
0.597997 	 0.0086335 
0.60237 	 0.00863477 
0.606743 	 0.00864525 
0.611115 	 0.00868318 
0.615488 	 0.00870155 
0.61986 	 0.00868323 
0.624233 	 0.00870611 
0.628606 	 0.00871916 
0.632978 	 0.00872627 
0.637351 	 0.00874555 
0.641724 	 0.00858103 
0.646096 	 0.0087409 
0.650469 	 0.00873051 
0.654841 	 0.00877451 
0.659214 	 0.00877273 
0.663587 	 0.00880658 
0.667959 	 0.008799 
0.672332 	 0.00881285 
0.676704 	 0.00877284 
0.681077 	 0.00879362 
0.68545 	 0.00880592 
0.689822 	 0.00883394 
0.694195 	 0.00887645 
0.698568 	 0.00881729 
0.70294 	 0.00883495 
0.707313 	 0.00890286 
0.711685 	 0.00891593 
0.716058 	 0.0089196 
0.720431 	 0.00891666 
0.724803 	 0.00892649 
0.729176 	 0.0089326 
0.733548 	 0.00897022 
0.737921 	 0.00896899 
0.742294 	 0.00896169 
0.746666 	 0.00901326 
0.751039 	 0.00899236 
0.755412 	 0.00895098 
0.759784 	 0.00901558 
0.764157 	 0.00901518 
0.768529 	 0.009022 
0.772902 	 0.00903995 
0.777275 	 0.00903642 
0.781647 	 0.00903649 
0.78602 	 0.00908973 
0.790392 	 0.00908035 
0.794765 	 0.00909461 
0.799138 	 0.00910382 
0.80351 	 0.00907065 
0.807883 	 0.00913271 
0.812256 	 0.0091152 
0.816628 	 0.00912477 
0.821001 	 0.00914774 
0.825373 	 0.0091601 
0.829746 	 0.00916292 
0.834119 	 0.00915619 
0.838491 	 0.009196 
0.842864 	 0.00921928 
0.847236 	 0.00920239 
0.851609 	 0.00922214 
0.855982 	 0.00905934 
0.860354 	 0.00922861 
0.864727 	 0.0092524 
0.8691 	 0.00928959 
0.873472 	 0.00931321 
0.877845 	 0.00921684 
0.882217 	 0.00923439 
0.88659 	 0.00928257 
0.890963 	 0.009257 
0.895335 	 0.00926099 
0.899708 	 0.00926966 
0.904081 	 0.00926439 
0.908453 	 0.00921399 
0.912826 	 0.00931675 
0.917198 	 0.0093495 
0.921571 	 0.00936167 
0.925944 	 0.00938287 
0.930316 	 0.0094325 
0.934689 	 0.00940224 
0.939061 	 0.00938542 
0.943434 	 0.00943079 
0.947807 	 0.0094235 
0.952179 	 0.00943061 
0.956552 	 0.00950391 
0.960925 	 0.00952855 
0.965297 	 0.00951653 
0.96967 	 0.0094318 
0.974042 	 0.00941756 
0.978415 	 0.00954952 
0.982788 	 0.00954427 
0.98716 	 0.00955694 
0.991533 	 0.00957873 
0.995905 	 0.00959566 
1.00028 	 0.00959485 
1.00465 	 0.00957811 
1.00902 	 0.00960524 
1.0134 	 0.00961988 
1.01777 	 0.00961384 
1.02214 	 0.00961294 
1.02651 	 0.00962127 
1.03089 	 0.00964873 
1.03526 	 0.00964607 
1.03963 	 0.00964199 
1.044 	 0.00968191 
1.04838 	 0.00957624 
1.05275 	 0.00971791 
1.05712 	 0.0096976 
1.06149 	 0.00971805 
1.06587 	 0.00979036 
1.07024 	 0.00976062 
1.07461 	 0.00974315 
1.07899 	 0.00979536 
1.08336 	 0.009805 
1.08773 	 0.00979315 
1.0921 	 0.00979524 
1.09648 	 0.00979892 
1.10085 	 0.0098046 
1.10522 	 0.00983832 
1.10959 	 0.00986948 
1.11397 	 0.00986969 
1.11834 	 0.00985673 
1.12271 	 0.00983388 
1.12708 	 0.00987907 
1.13146 	 0.00989938 
1.13583 	 0.00982944 
1.1402 	 0.00996689 
1.14457 	 0.00995832 
1.14895 	 0.0099716 
1.15332 	 0.00996616 
1.15769 	 0.00991628 
1.16206 	 0.00992475 
1.16644 	 0.00996146 
1.17081 	 0.0100123 
1.17518 	 0.0100428 
1.17956 	 0.0100434 
1.18393 	 0.0100637 
1.1883 	 0.0100849 
1.19267 	 0.0100431 
1.19705 	 0.010017 
1.20142 	 0.0100096 
1.20579 	 0.0100767 
1.21016 	 0.0101477 
1.21454 	 0.0101145 
1.21891 	 0.0100922 
1.22328 	 0.0100809 
1.22765 	 0.0101404 
1.23203 	 0.0101913 
1.2364 	 0.0101679 
1.24077 	 0.010105 
1.24514 	 0.0101311 
1.24952 	 0.0101782 
1.25389 	 0.0101964 
1.25826 	 0.0102535 
1.26264 	 0.0102642 
1.26701 	 0.0102461 
1.27138 	 0.0102494 
1.27575 	 0.0102474 
1.28013 	 0.0102317 
1.2845 	 0.0102192 
1.28887 	 0.0102085 
1.29324 	 0.0102468 
1.29762 	 0.0102711 
1.30199 	 0.0102663 
1.30636 	 0.0103009 
1.31073 	 0.0103588 
1.31511 	 0.0103455 
1.31948 	 0.0103374 
1.32385 	 0.0103457 
1.32822 	 0.0103602 
1.3326 	 0.0103784 
1.33697 	 0.0104042 
1.34134 	 0.0104255 
1.34571 	 0.0104306 
1.35009 	 0.0104445 
1.35446 	 0.0104658 
1.35883 	 0.010505 
1.36321 	 0.0105111 
1.36758 	 0.0104618 
1.37195 	 0.0104923 
1.37632 	 0.0104929 
1.3807 	 0.0105355 
1.38507 	 0.010589 
1.38944 	 0.0106018 
1.39381 	 0.0105893 
1.39819 	 0.0105325 
1.40256 	 0.0105499 
1.40693 	 0.0106027 
1.4113 	 0.0105885 
1.41568 	 0.0105896 
1.42005 	 0.0106286 
1.42442 	 0.0106673 
1.42879 	 0.0107058 
1.43317 	 0.010686 
1.43754 	 0.0106591 
1.44191 	 0.0106186 
1.44628 	 0.0105945 
1.45066 	 0.0105819 
1.45503 	 0.0106877 
1.4594 	 0.0107676 
1.46378 	 0.0107769 
1.46815 	 0.0107792 
1.47252 	 0.010778 
1.47689 	 0.0107831 
1.48127 	 0.0108004 
1.48564 	 0.0108371 
1.49001 	 0.010836 
1.49438 	 0.0108019 
1.49876 	 0.0107389 
1.50313 	 0.0107738 
1.5075 	 0.0107787 
1.51187 	 0.0108408 
1.51625 	 0.0108889 
1.52062 	 0.0108924 
1.52499 	 0.0109087 
1.52936 	 0.0109307 
1.53374 	 0.0109527 
1.53811 	 0.0109402 
1.54248 	 0.0108905 
1.54686 	 0.0109401 
1.55123 	 0.010971 
1.5556 	 0.0109582 
1.55997 	 0.0110139 
1.56435 	 0.0110725 
1.56872 	 0.0110781 
1.57309 	 0.0110721 
1.57746 	 0.0110586 
1.58184 	 0.0110431 
1.58621 	 0.0110473 
1.59058 	 0.0110674 
1.59495 	 0.011117 
1.59933 	 0.0111096 
1.6037 	 0.0110441 
1.60807 	 0.0110584 
1.61244 	 0.0111005 
1.61682 	 0.011174 
1.62119 	 0.0111901 
1.62556 	 0.0112081 
1.62993 	 0.0112286 
1.63431 	 0.0110804 
1.63868 	 0.0112551 
1.64305 	 0.0112408 
1.64743 	 0.0112033 
1.6518 	 0.0112294 
1.65617 	 0.0113099 
1.66054 	 0.0113153 
1.66492 	 0.0113112 
1.66929 	 0.011299 
1.67366 	 0.0112816 
1.67803 	 0.0112899 
1.68241 	 0.0113095 
1.68678 	 0.0113084 
1.69115 	 0.0113181 
1.69552 	 0.0113292 
1.6999 	 0.0113326 
1.70427 	 0.0113349 
1.70864 	 0.0113523 
1.71301 	 0.011393 
1.71739 	 0.0114165 
1.72176 	 0.0114195 
1.72613 	 0.0113988 
1.7305 	 0.0113548 
1.73488 	 0.0113952 
1.73925 	 0.0114339 
1.74362 	 0.011381 
1.748 	 0.011439 
1.75237 	 0.0114801 
1.75674 	 0.011482 
1.76111 	 0.0115298 
1.76549 	 0.0115291 
1.76986 	 0.0115229 
1.77423 	 0.0115528 
1.7786 	 0.0115133 
1.78298 	 0.0115625 
1.78735 	 0.0115693 
1.79172 	 0.0115937 
1.79609 	 0.0116522 
1.80047 	 0.0116625 
1.80484 	 0.0116352 
1.80921 	 0.0116681 
1.81358 	 0.0116706 
1.81796 	 0.011681 
1.82233 	 0.0117119 
1.8267 	 0.0117615 
1.83108 	 0.0116854 
1.83545 	 0.0116665 
1.83982 	 0.0117161 
1.84419 	 0.011727 
1.84857 	 0.011757 
1.85294 	 0.0117453 
1.85731 	 0.0117234 
1.86168 	 0.0117821 
1.86606 	 0.0117996 
1.87043 	 0.0118187 
1.8748 	 0.0118433 
1.87917 	 0.0118759 
1.88355 	 0.0118368 
1.88792 	 0.0118202 
1.89229 	 0.0118441 
1.89666 	 0.0118847 
1.90104 	 0.0118651 
1.90541 	 0.0119077 
1.90978 	 0.011887 
1.91415 	 0.0118752 
1.91853 	 0.0118976 
1.9229 	 0.0118996 
1.92727 	 0.0119483 
1.93165 	 0.0119903 
1.93602 	 0.0119756 
1.94039 	 0.0119788 
1.94476 	 0.0120438 
1.94914 	 0.0120234 
1.95351 	 0.011983 
1.95788 	 0.0120356 
1.96225 	 0.0120907 
1.96663 	 0.0120859 
1.971 	 0.0121638 
1.97537 	 0.012076 
1.97974 	 0.0120623 
1.98412 	 0.0120991 
1.98849 	 0.0121518 
1.99286 	 0.0121836 
1.99723 	 0.0121819 
2.00161 	 0.0121431 
2.00598 	 0.0121642 
2.01035 	 0.0121698 
2.01473 	 0.0121767 
2.0191 	 0.0121909 
2.02347 	 0.0122099 
2.02784 	 0.0122555 
2.03222 	 0.0122446 
2.03659 	 0.0122454 
2.04096 	 0.0122237 
2.04533 	 0.0122623 
2.04971 	 0.0122926 
2.05408 	 0.0122819 
2.05845 	 0.0122922 
2.06282 	 0.0123118 
2.0672 	 0.0122553 
2.07157 	 0.0123219 
2.07594 	 0.0123656 
2.08031 	 0.0124414 
2.08469 	 0.0124325 
2.08906 	 0.0123769 
2.09343 	 0.0123759 
2.0978 	 0.0124172 
2.10218 	 0.0123982 
2.10655 	 0.0123821 
2.11092 	 0.0125031 
2.1153 	 0.0124428 
2.11967 	 0.0124733 
2.12404 	 0.0124079 
2.12841 	 0.0124349 
2.13279 	 0.012476 
2.13716 	 0.0125385 
2.14153 	 0.0125285 
2.1459 	 0.0124813 
2.15028 	 0.0125082 
2.15465 	 0.0125599 
2.15902 	 0.0125442 
2.16339 	 0.0125465 
2.16777 	 0.0126226 
2.17214 	 0.0126601 
2.17651 	 0.0126273 
2.18088 	 0.0126388 
2.18526 	 0.012639 
2.18963 	 0.0126547 
2.194 	 0.0126525 
2.19837 	 0.0126401 
2.20275 	 0.0127197 
2.20712 	 0.0127345 
2.21149 	 0.0127704 
2.21587 	 0.0127986 
2.22024 	 0.0128229 
2.22461 	 0.0127897 
2.22898 	 0.0127787 
2.23336 	 0.0128532 
2.23773 	 0.012834 
2.2421 	 0.0128589 
2.24647 	 0.0128727 
2.25085 	 0.0128965 
2.25522 	 0.0128728 
2.25959 	 0.0129015 
2.26396 	 0.0129362 
2.26834 	 0.0129172 
2.27271 	 0.0129496 
2.27708 	 0.0129542 
2.28145 	 0.0129791 
2.28583 	 0.0129756 
2.2902 	 0.0129849 
2.29457 	 0.0129706 
2.29895 	 0.0130156 
2.30332 	 0.0130224 
2.30769 	 0.0130755 
2.31206 	 0.0130524 
2.31644 	 0.0130613 
2.32081 	 0.0130752 
2.32518 	 0.0130667 
2.32955 	 0.0130878 
2.33393 	 0.0131012 
2.3383 	 0.0131282 
2.34267 	 0.013102 
2.34704 	 0.0131021 
2.35142 	 0.013111 
2.35579 	 0.0131882 
2.36016 	 0.0131973 
2.36453 	 0.0132071 
2.36891 	 0.0132152 
2.37328 	 0.0132087 
2.37765 	 0.0132105 
2.38202 	 0.0132283 
2.3864 	 0.013231 
2.39077 	 0.0132857 
2.39514 	 0.0132539 
2.39952 	 0.0132917 
2.40389 	 0.0133192 
2.40826 	 0.0133011 
2.41263 	 0.0132591 
2.41701 	 0.0132473 
2.42138 	 0.013323 
2.42575 	 0.0132721 
2.43012 	 0.0132692 
2.4345 	 0.0134269 
2.43887 	 0.0133655 
2.44324 	 0.013363 
2.44761 	 0.0134129 
2.45199 	 0.013409 
2.45636 	 0.0134267 
2.46073 	 0.0134232 
2.4651 	 0.0134155 
2.46948 	 0.0134116 
2.47385 	 0.0133984 
2.47822 	 0.0134758 
2.48259 	 0.0134651 
2.48697 	 0.0134919 
2.49134 	 0.0134833 
2.49571 	 0.0134852 
2.50009 	 0.01352 
2.50446 	 0.0135404 
2.50883 	 0.0135879 
2.5132 	 0.013611 
2.51758 	 0.0135527 
2.52195 	 0.0135927 
2.52632 	 0.0136127 
2.53069 	 0.0136015 
2.53507 	 0.0137227 
2.53944 	 0.0136937 
2.54381 	 0.0136623 
2.54818 	 0.0136659 
2.55256 	 0.0136909 
2.55693 	 0.01362 
2.5613 	 0.0136754 
2.56567 	 0.0137156 
2.57005 	 0.013699 
2.57442 	 0.0137365 
2.57879 	 0.0138279 
2.58317 	 0.0137781 
2.58754 	 0.0137769 
2.59191 	 0.013654 
2.59628 	 0.0138267 
2.60066 	 0.0137834 
2.60503 	 0.0138005 
2.6094 	 0.0138063 
2.61377 	 0.0138482 
2.61815 	 0.0139038 
2.62252 	 0.0138846 
2.62689 	 0.0139118 
2.63126 	 0.0139318 
2.63564 	 0.013891 
2.64001 	 0.0139373 
2.64438 	 0.0139427 
2.64875 	 0.0139202 
2.65313 	 0.0139614 
2.6575 	 0.0139885 
2.66187 	 0.0140107 
2.66624 	 0.0140157 
2.67062 	 0.0140582 
2.67499 	 0.0140088 
2.67936 	 0.0140558 
2.68374 	 0.0140445 
2.68811 	 0.0140247 
2.69248 	 0.0140418 
2.69685 	 0.014042 
2.70123 	 0.0140526 
2.7056 	 0.0141462 
2.70997 	 0.0142122 
2.71434 	 0.0141659 
2.71872 	 0.014087 
2.72309 	 0.0142002 
2.72746 	 0.014203 
2.73183 	 0.0142055 
2.73621 	 0.0141673 
2.74058 	 0.0142269 
2.74495 	 0.0141937 
2.74932 	 0.014221 
2.7537 	 0.0142367 
2.75807 	 0.0142504 
2.76244 	 0.0142815 
2.76681 	 0.0142799 
2.77119 	 0.0142648 
2.77556 	 0.0142806 
2.77993 	 0.0142879 
2.78431 	 0.0143189 
2.78868 	 0.0142415 
2.79305 	 0.0143578 
2.79742 	 0.0143609 
2.8018 	 0.0144435 
2.80617 	 0.0143535 
2.81054 	 0.0144515 
2.81491 	 0.0145257 
2.81929 	 0.0144192 
2.82366 	 0.0144714 
2.82803 	 0.0144631 
2.8324 	 0.0144977 
2.83678 	 0.0144495 
2.84115 	 0.014426 
2.84552 	 0.0145107 
2.84989 	 0.0145064 
2.85427 	 0.0145943 
2.85864 	 0.0145993 
2.86301 	 0.0145415 
2.86739 	 0.0145818 
2.87176 	 0.0146586 
2.87613 	 0.0145025 
2.8805 	 0.0146319 
2.88488 	 0.0145513 
2.88925 	 0.0146579 
2.89362 	 0.014678 
2.89799 	 0.0146756 
2.90237 	 0.0147032 
2.90674 	 0.0146456 
2.91111 	 0.0146735 
2.91548 	 0.0146989 
2.91986 	 0.0147375 
2.92423 	 0.0147403 
2.9286 	 0.0147993 
2.93297 	 0.0147896 
2.93735 	 0.0147433 
2.94172 	 0.0147858 
2.94609 	 0.0148663 
2.95046 	 0.0148371 
2.95484 	 0.0148583 
2.95921 	 0.0148653 
2.96358 	 0.0148843 
2.96796 	 0.0148724 
2.97233 	 0.0148889 
2.9767 	 0.0148914 
2.98107 	 0.0149231 
2.98545 	 0.0149034 
2.98982 	 0.0149367 
2.99419 	 0.0149595 
2.99856 	 0.0149625 
3.00294 	 0.014973 
3.00731 	 0.0149808 
3.01168 	 0.0149481 
3.01605 	 0.0150151 
3.02043 	 0.0150708 
3.0248 	 0.0150333 
3.02917 	 0.0150608 
3.03354 	 0.015066 
3.03792 	 0.0150201 
3.04229 	 0.015092 
3.04666 	 0.015115 
3.05104 	 0.0150733 
3.05541 	 0.0151289 
3.05978 	 0.0151954 
3.06415 	 0.0151328 
3.06853 	 0.0151344 
3.0729 	 0.0152152 
3.07727 	 0.0152196 
3.08164 	 0.0151207 
3.08602 	 0.0152753 
3.09039 	 0.0152022 
3.09476 	 0.0152741 
3.09913 	 0.0152468 
3.10351 	 0.0151985 
3.10788 	 0.0152409 
3.11225 	 0.0152799 
3.11662 	 0.0152692 
3.121 	 0.015297 
3.12537 	 0.0153612 
3.12974 	 0.0153471 
3.13411 	 0.0154175 
3.13849 	 0.0154797 
3.14286 	 0.01546 
3.14723 	 0.0154764 
3.15161 	 0.0154943 
3.15598 	 0.0154271 
3.16035 	 0.0154453 
3.16472 	 0.0154878 
3.1691 	 0.0155159 
3.17347 	 0.0155525 
3.17784 	 0.0155375 
3.18221 	 0.0155106 
3.18659 	 0.0155834 
3.19096 	 0.0155615 
3.19533 	 0.0155857 
3.1997 	 0.0155231 
3.20408 	 0.0156171 
3.20845 	 0.015599 
3.21282 	 0.0155506 
3.21719 	 0.0155985 
3.22157 	 0.0156091 
3.22594 	 0.0156995 
3.23031 	 0.0156219 
3.23468 	 0.0157184 
3.23906 	 0.0157357 
3.24343 	 0.0157089 
3.2478 	 0.0156807 
3.25218 	 0.0156801 
3.25655 	 0.0157269 
3.26092 	 0.0157565 
3.26529 	 0.0157587 
3.26967 	 0.0157765 
3.27404 	 0.0158422 
3.27841 	 0.0157302 
3.28278 	 0.0157907 
3.28716 	 0.0158553 
3.29153 	 0.0158635 
3.2959 	 0.0159063 
3.30027 	 0.0158448 
3.30465 	 0.0158759 
3.30902 	 0.0159326 
3.31339 	 0.0159051 
3.31776 	 0.0158088 
3.32214 	 0.015906 
3.32651 	 0.0159373 
3.33088 	 0.0158949 
3.33526 	 0.015941 
3.33963 	 0.0159558 
3.344 	 0.0160096 
3.34837 	 0.0159855 
3.35275 	 0.016037 
3.35712 	 0.0160329 
3.36149 	 0.0160054 
3.36586 	 0.0159938 
3.37024 	 0.016084 
3.37461 	 0.0161069 
3.37898 	 0.0161242 
3.38335 	 0.016092 
3.38773 	 0.0161169 
3.3921 	 0.0161836 
3.39647 	 0.0161449 
3.40084 	 0.0161865 
3.40522 	 0.0161883 
3.40959 	 0.0161133 
3.41396 	 0.0161933 
3.41833 	 0.0162459 
3.42271 	 0.0161883 
3.42708 	 0.0162289 
3.43145 	 0.0162971 
3.43583 	 0.0163061 
3.4402 	 0.0162888 
3.44457 	 0.0163326 
3.44894 	 0.016348 
3.45332 	 0.0162711 
3.45769 	 0.0163506 
3.46206 	 0.0163478 
3.46643 	 0.0163459 
3.47081 	 0.0162977 
3.47518 	 0.0163847 
3.47955 	 0.016398 
3.48392 	 0.016357 
3.4883 	 0.0164866 
3.49267 	 0.016484 
3.49704 	 0.0164792 
3.50141 	 0.0164548 
3.50579 	 0.0164544 
3.51016 	 0.0164625 
3.51453 	 0.0164793 
3.5189 	 0.0165323 
3.52328 	 0.0165625 
3.52765 	 0.0165885 
3.53202 	 0.0166032 
3.5364 	 0.0166372 
3.54077 	 0.0166152 
3.54514 	 0.0166014 
3.54951 	 0.0166723 
3.55389 	 0.0166794 
3.55826 	 0.0165758 
3.56263 	 0.0166275 
3.567 	 0.0166804 
3.57138 	 0.0166605 
3.57575 	 0.0166878 
3.58012 	 0.0166892 
3.58449 	 0.0166442 
3.58887 	 0.0166939 
3.59324 	 0.016723 
3.59761 	 0.0167192 
3.60198 	 0.0167614 
3.60636 	 0.0167514 
3.61073 	 0.0167869 
3.6151 	 0.0168086 
3.61948 	 0.0167632 
3.62385 	 0.0168566 
3.62822 	 0.0168989 
3.63259 	 0.0168616 
3.63697 	 0.0168551 
3.64134 	 0.016872 
3.64571 	 0.0169366 
3.65008 	 0.016909 
3.65446 	 0.0169418 
3.65883 	 0.0169545 
3.6632 	 0.0169573 
3.66757 	 0.0169613 
3.67195 	 0.0170262 
3.67632 	 0.0170636 
3.68069 	 0.017059 
3.68506 	 0.0170993 
3.68944 	 0.0170313 
3.69381 	 0.0170582 
3.69818 	 0.0170665 
3.70255 	 0.0171002 
3.70693 	 0.0171138 
3.7113 	 0.0171351 
3.71567 	 0.0171644 
3.72005 	 0.0171361 
3.72442 	 0.0171014 
3.72879 	 0.0171593 
3.73316 	 0.0171664 
3.73754 	 0.0172231 
3.74191 	 0.0172567 
3.74628 	 0.0172389 
3.75065 	 0.0172746 
3.75503 	 0.0172577 
3.7594 	 0.0172214 
3.76377 	 0.0172924 
3.76814 	 0.0173316 
3.77252 	 0.0173192 
3.77689 	 0.0173668 
3.78126 	 0.0173188 
3.78563 	 0.0173691 
3.79001 	 0.017365 
3.79438 	 0.0173901 
3.79875 	 0.0174054 
3.80313 	 0.0173727 
3.8075 	 0.0173667 
3.81187 	 0.0174704 
3.81624 	 0.0174383 
3.82062 	 0.0175037 
3.82499 	 0.0174303 
3.82936 	 0.01747 
3.83373 	 0.0175266 
3.83811 	 0.0174785 
3.84248 	 0.017498 
3.84685 	 0.0175081 
3.85122 	 0.0175047 
3.8556 	 0.0176117 
3.85997 	 0.0176251 
3.86434 	 0.0175664 
3.86871 	 0.0175646 
3.87309 	 0.0176411 
3.87746 	 0.0176533 
3.88183 	 0.0176985 
3.8862 	 0.017689 
3.89058 	 0.017754 
3.89495 	 0.0177066 
3.89932 	 0.0177295 
3.9037 	 0.0177521 
3.90807 	 0.0177525 
3.91244 	 0.017764 
3.91681 	 0.0177856 
3.92119 	 0.0177989 
3.92556 	 0.017805 
3.92993 	 0.0178178 
3.9343 	 0.0178399 
3.93868 	 0.0178648 
3.94305 	 0.0178431 
3.94742 	 0.0179215 
3.95179 	 0.0178949 
3.95617 	 0.0179423 
3.96054 	 0.0179669 
3.96491 	 0.01794 
3.96928 	 0.0179383 
3.97366 	 0.0179746 
3.97803 	 0.0179912 
3.9824 	 0.0180154 
3.98677 	 0.0180041 
3.99115 	 0.0179768 
3.99552 	 0.0180288 
3.99989 	 0.0180348 
4.00427 	 0.0180775 
4.00864 	 0.0180752 
4.01301 	 0.018106 
4.01738 	 0.0181362 
4.02176 	 0.0181366 
4.02613 	 0.0181381 
4.0305 	 0.0181786 
4.03487 	 0.0181752 
4.03925 	 0.0181759 
4.04362 	 0.018164 
4.04799 	 0.0182002 
4.05236 	 0.0181746 
4.05674 	 0.0182069 
4.06111 	 0.0182326 
4.06548 	 0.0182501 
4.06985 	 0.018252 
4.07423 	 0.0182818 
4.0786 	 0.0183013 
4.08297 	 0.0183014 
4.08735 	 0.0183409 
4.09172 	 0.0183438 
4.09609 	 0.0183307 
4.10046 	 0.018351 
4.10484 	 0.0183567 
4.10921 	 0.0183827 
4.11358 	 0.018402 
4.11795 	 0.0183761 
4.12233 	 0.0184608 
4.1267 	 0.0184671 
4.13107 	 0.0184183 
4.13544 	 0.018432 
4.13982 	 0.0184851 
4.14419 	 0.0184959 
4.14856 	 0.0185249 
4.15293 	 0.018531 
4.15731 	 0.0185146 
4.16168 	 0.018613 
4.16605 	 0.0185993 
4.17042 	 0.0185975 
4.1748 	 0.0186103 
4.17917 	 0.0186072 
4.18354 	 0.0186397 
4.18792 	 0.0186174 
4.19229 	 0.0186422 
4.19666 	 0.0186485 
4.20103 	 0.018668 
4.20541 	 0.0187232 
4.20978 	 0.0187275 
4.21415 	 0.0186838 
4.21852 	 0.0187354 
4.2229 	 0.0187344 
4.22727 	 0.0187229 
4.23164 	 0.0187378 
4.23601 	 0.0187527 
4.24039 	 0.0187676 
4.24476 	 0.0187825 
4.24913 	 0.0187974 
4.2535 	 0.0188123 
4.25788 	 0.0188272 
4.26225 	 0.0188384 
4.26662 	 0.0188471 
4.27099 	 0.0188558 
4.27537 	 0.0188645 
4.27974 	 0.0188733 
4.28411 	 0.018882 
4.28849 	 0.0188907 
4.29286 	 0.0188994 
4.29723 	 0.0189097 
4.3016 	 0.0189285 
4.30598 	 0.0189473 
4.31035 	 0.0189662 
4.31472 	 0.018985 
4.31909 	 0.0190038 
4.32347 	 0.0190227 
4.32784 	 0.0190415 
4.33221 	 0.0190603 
4.33658 	 0.0190746 
4.34096 	 0.0190876 
4.34533 	 0.0191006 
4.3497 	 0.0191136 
4.35407 	 0.0191266 
4.35845 	 0.0191396 
4.36282 	 0.0191526 
4.36719 	 0.0191656 
4.37157 	 0.0191787 
4.37594 	 0.0191923 
4.38031 	 0.019206 
4.38468 	 0.0192196 
4.38906 	 0.0192332 
4.39343 	 0.0192468 
4.3978 	 0.0192604 
4.40217 	 0.019274 
4.40655 	 0.0192875 
4.41092 	 0.0193 
4.41529 	 0.0193125 
4.41966 	 0.019325 
4.42404 	 0.0193375 
4.42841 	 0.01935 
4.43278 	 0.0193625 
4.43715 	 0.019375 
4.44153 	 0.0193875 
4.4459 	 0.0194019 
4.45027 	 0.0194177 
4.45464 	 0.0194335 
4.45902 	 0.0194493 
4.46339 	 0.0194652 
4.46776 	 0.019481 
4.47214 	 0.0194968 
4.47651 	 0.0195126 
4.48088 	 0.0195268 
4.48525 	 0.0195409 
4.48963 	 0.0195549 
4.494 	 0.0195689 
4.49837 	 0.019583 
4.50274 	 0.019597 
4.50712 	 0.019611 
4.51149 	 0.0196251 
4.51586 	 0.0196391 
4.52023 	 0.019653 
4.52461 	 0.019667 
4.52898 	 0.019681 
4.53335 	 0.019695 
4.53772 	 0.019709 
4.5421 	 0.0197229 
4.54647 	 0.0197369 
4.55084 	 0.0197509 
4.55521 	 0.0197617 
4.55959 	 0.0197712 
4.56396 	 0.0197806 
4.56833 	 0.0197901 
4.57271 	 0.0197995 
4.57708 	 0.019809 
4.58145 	 0.0198184 
4.58582 	 0.0198291 
4.5902 	 0.0198463 
4.59457 	 0.0198636 
4.59894 	 0.0198809 
4.60331 	 0.0198981 
4.60769 	 0.0199154 
4.61206 	 0.0199326 
4.61643 	 0.0199499 
4.6208 	 0.0199666 
4.62518 	 0.0199784 
4.62955 	 0.0199902 
4.63392 	 0.020002 
4.63829 	 0.0200138 
4.64267 	 0.0200256 
4.64704 	 0.0200374 
4.65141 	 0.0200492 
4.65579 	 0.0200613 
4.66016 	 0.020075 
4.66453 	 0.0200887 
4.6689 	 0.0201024 
4.67328 	 0.0201161 
4.67765 	 0.0201298 
4.68202 	 0.0201435 
4.68639 	 0.0201572 
4.69077 	 0.0201732 
4.69514 	 0.0201908 
4.69951 	 0.0202085 
4.70388 	 0.0202262 
4.70826 	 0.0202439 
4.71263 	 0.0202615 
4.717 	 0.0202792 
4.72137 	 0.0202961 
4.72575 	 0.0203061 
4.73012 	 0.0203161 
4.73449 	 0.0203261 
4.73886 	 0.0203361 
4.74324 	 0.0203461 
4.74761 	 0.0203561 
4.75198 	 0.020366 
4.75636 	 0.0203768 
4.76073 	 0.0203936 
4.7651 	 0.0204104 
4.76947 	 0.0204272 
4.77385 	 0.020444 
4.77822 	 0.0204608 
4.78259 	 0.0204776 
4.78696 	 0.0204944 
4.79134 	 0.0205062 
4.79571 	 0.0205158 
4.80008 	 0.0205253 
4.80445 	 0.0205349 
4.80883 	 0.0205444 
4.8132 	 0.020554 
4.81757 	 0.0205635 
4.82194 	 0.0205742 
4.82632 	 0.0205894 
4.83069 	 0.0206047 
4.83506 	 0.02062 
4.83944 	 0.0206352 
4.84381 	 0.0206505 
4.84818 	 0.0206657 
4.85255 	 0.020681 
4.85693 	 0.0206973 
4.8613 	 0.0207138 
4.86567 	 0.0207303 
4.87004 	 0.0207468 
4.87442 	 0.0207633 
4.87879 	 0.0207798 
4.88316 	 0.0207964 
4.88753 	 0.020814 
4.89191 	 0.0208333 
4.89628 	 0.0208527 
4.90065 	 0.0208721 
4.90502 	 0.0208914 
4.9094 	 0.0209108 
4.91377 	 0.0209301 
4.91814 	 0.0209495 
4.92251 	 0.0209589 
4.92689 	 0.0209669 
4.93126 	 0.020975 
4.93563 	 0.020983 
4.94001 	 0.0209911 
4.94438 	 0.0209991 
4.94875 	 0.0210072 
4.95312 	 0.0210165 
4.9575 	 0.0210288 
4.96187 	 0.0210412 
4.96624 	 0.0210536 
4.97061 	 0.0210659 
4.97499 	 0.0210783 
4.97936 	 0.0210907 
4.98373 	 0.0211025 
4.9881 	 0.0211088 
4.99248 	 0.0211152 
4.99685 	 0.0211215 
5.00122 	 0.0211278 
5.00559 	 0.0211341 
5.00997 	 0.0211405 
5.01434 	 0.0211468 
5.01871 	 0.0211621 
5.02308 	 0.0211795 
5.02746 	 0.0211969 
5.03183 	 0.0212143 
5.0362 	 0.0212317 
5.04058 	 0.0212492 
5.04495 	 0.0212666 
5.04932 	 0.0212851 
5.05369 	 0.021304 
5.05807 	 0.021323 
5.06244 	 0.0213419 
5.06681 	 0.0213609 
5.07118 	 0.0213798 
5.07556 	 0.0213988 
5.07993 	 0.0214157 
5.0843 	 0.0214274 
5.08867 	 0.0214391 
5.09305 	 0.0214508 
5.09742 	 0.0214625 
5.10179 	 0.0214742 
5.10616 	 0.021486 
5.11054 	 0.0214978 
5.11491 	 0.0215143 
5.11928 	 0.0215307 
5.12366 	 0.0215471 
5.12803 	 0.0215636 
5.1324 	 0.02158 
5.13677 	 0.0215964 
5.14115 	 0.0216129 
5.14552 	 0.0216237 
5.14989 	 0.0216344 
5.15426 	 0.021645 
5.15864 	 0.0216556 
5.16301 	 0.0216662 
5.16738 	 0.0216769 
5.17175 	 0.0216875 
5.17613 	 0.0216979 
5.1805 	 0.021708 
5.18487 	 0.021718 
5.18924 	 0.0217281 
5.19362 	 0.0217381 
5.19799 	 0.0217482 
5.20236 	 0.0217583 
5.20673 	 0.0217705 
5.21111 	 0.0217865 
5.21548 	 0.0218026 
5.21985 	 0.0218186 
5.22423 	 0.0218347 
5.2286 	 0.0218507 
5.23297 	 0.0218668 
5.23734 	 0.0218828 
5.24172 	 0.0218992 
5.24609 	 0.0219156 
5.25046 	 0.021932 
5.25483 	 0.0219484 
5.25921 	 0.0219648 
5.26358 	 0.0219812 
5.26795 	 0.0219977 
5.27232 	 0.0220152 
5.2767 	 0.0220331 
5.28107 	 0.0220511 
5.28544 	 0.022069 
5.28981 	 0.0220869 
5.29419 	 0.0221049 
5.29856 	 0.0221228 
5.30293 	 0.0221337 
5.3073 	 0.0221394 
5.31168 	 0.0221451 
5.31605 	 0.0221508 
5.32042 	 0.0221565 
5.3248 	 0.0221622 
5.32917 	 0.0221679 
5.33354 	 0.0221767 
5.33791 	 0.0221912 
5.34229 	 0.0222056 
5.34666 	 0.02222 
5.35103 	 0.0222345 
5.3554 	 0.0222489 
5.35978 	 0.0222632 
5.36415 	 0.0222773 
5.36852 	 0.0222915 
5.37289 	 0.0223056 
5.37727 	 0.0223197 
5.38164 	 0.0223339 
5.38601 	 0.022348 
5.39038 	 0.0223622 
5.39476 	 0.0223798 
5.39913 	 0.0223974 
5.4035 	 0.0224151 
5.40788 	 0.0224327 
5.41225 	 0.0224503 
5.41662 	 0.0224679 
5.42099 	 0.0224844 
5.42537 	 0.0224934 
5.42974 	 0.0225023 
5.43411 	 0.0225113 
5.43848 	 0.0225203 
5.44286 	 0.0225293 
5.44723 	 0.0225383 
5.4516 	 0.0225479 
5.45597 	 0.022558 
5.46035 	 0.0225682 
5.46472 	 0.0225784 
5.46909 	 0.0225886 
5.47346 	 0.0225988 
5.47784 	 0.022609 
5.48221 	 0.022623 
5.48658 	 0.0226416 
5.49095 	 0.0226601 
5.49533 	 0.0226787 
5.4997 	 0.0226972 
5.50407 	 0.0227157 
5.50845 	 0.0227343 
5.51282 	 0.022744 
5.51719 	 0.0227497 
5.52156 	 0.0227553 
5.52594 	 0.0227609 
5.53031 	 0.0227665 
5.53468 	 0.0227722 
5.53905 	 0.0227778 
5.54343 	 0.0227955 
5.5478 	 0.0228154 
5.55217 	 0.0228354 
5.55654 	 0.0228554 
5.56092 	 0.0228754 
5.56529 	 0.0228954 
5.56966 	 0.0229154 
5.57403 	 0.0229301 
5.57841 	 0.022942 
5.58278 	 0.0229539 
5.58715 	 0.0229659 
5.59153 	 0.0229778 
5.5959 	 0.0229898 
5.60027 	 0.0230017 
5.60464 	 0.0230148 
5.60902 	 0.0230278 
5.61339 	 0.0230409 
5.61776 	 0.0230539 
5.62213 	 0.023067 
5.62651 	 0.02308 
5.63088 	 0.0230931 
5.63525 	 0.0231058 
5.63962 	 0.0231186 
5.644 	 0.0231314 
5.64837 	 0.0231441 
5.65274 	 0.0231569 
5.65711 	 0.0231697 
5.66149 	 0.0231825 
5.66586 	 0.0231981 
5.67023 	 0.0232158 
5.6746 	 0.0232335 
5.67898 	 0.0232512 
5.68335 	 0.0232688 
5.68772 	 0.0232865 
5.6921 	 0.0233042 
5.69647 	 0.023316 
5.70084 	 0.0233208 
5.70521 	 0.0233256 
5.70959 	 0.0233304 
5.71396 	 0.0233352 
5.71833 	 0.02334 
5.7227 	 0.0233448 
5.72708 	 0.0233529 
5.73145 	 0.0233706 
5.73582 	 0.0233883 
5.74019 	 0.023406 
5.74457 	 0.0234237 
5.74894 	 0.0234414 
5.75331 	 0.0234591 
5.75768 	 0.023477 
5.76206 	 0.0234952 
5.76643 	 0.0235134 
5.7708 	 0.0235316 
5.77517 	 0.0235498 
5.77955 	 0.023568 
5.78392 	 0.0235862 
5.78829 	 0.0236008 
5.79267 	 0.0236124 
5.79704 	 0.023624 
5.80141 	 0.0236357 
5.80578 	 0.0236473 
5.81016 	 0.0236589 
5.81453 	 0.0236705 
5.8189 	 0.0236805 
5.82327 	 0.0236885 
5.82765 	 0.0236966 
5.83202 	 0.0237046 
5.83639 	 0.0237127 
5.84076 	 0.0237207 
5.84514 	 0.0237288 
5.84951 	 0.0237433 
5.85388 	 0.0237618 
5.85825 	 0.0237802 
5.86263 	 0.0237987 
5.867 	 0.0238171 
5.87137 	 0.0238356 
5.87575 	 0.023854 
5.88012 	 0.0238701 
5.88449 	 0.0238852 
5.88886 	 0.0239003 
5.89324 	 0.0239155 
5.89761 	 0.0239306 
5.90198 	 0.0239457 
5.90635 	 0.0239608 
5.91073 	 0.023981 
5.9151 	 0.0240068 
5.91947 	 0.0240326 
5.92384 	 0.0240584 
5.92822 	 0.0240842 
5.93259 	 0.02411 
5.93696 	 0.0241358 
5.94133 	 0.0241484 
5.94571 	 0.0241567 
5.95008 	 0.0241651 
5.95445 	 0.0241735 
5.95882 	 0.0241819 
5.9632 	 0.0241903 
5.96757 	 0.0241987 
