0.527855 	 0.00824868 
0.642005 	 0.0085214 
0.701975 	 0.00853818 
0.752907 	 0.00880218 
0.801819 	 0.00880251 
0.854015 	 0.00898029 
0.910311 	 0.00908629 
0.97257 	 0.00920918 
1.04707 	 0.0094494 
1.13737 	 0.00959243 
1.24419 	 0.00988362 
1.36508 	 0.0101327 
1.49687 	 0.010509 
1.63505 	 0.0108817 
1.77739 	 0.0112139 
1.92322 	 0.0116577 
2.06848 	 0.0119519 
2.21221 	 0.0123275 
2.35392 	 0.0127532 
2.49444 	 0.0130681 
2.636 	 0.0134865 
2.77737 	 0.0132883 
2.91217 	 0.0135092 
3.05714 	 0.0145936 
3.22706 	 0.0151092 
3.42196 	 0.0157306 
3.63925 	 0.0164018 
3.74539 	 0.016647 
3.74732 	 0.016619 
3.75699 	 0.0166761 
3.77058 	 0.0166752 
3.78556 	 0.0167654 
3.80066 	 0.0167375 
3.81718 	 0.0168246 
3.83382 	 0.0168632 
3.85464 	 0.016928 
3.8736 	 0.016958 
3.89547 	 0.0170309 
3.91825 	 0.0171325 
3.94335 	 0.0172005 
3.97014 	 0.0172825 
3.99796 	 0.017314 
4.02755 	 0.0172961 
4.05606 	 0.0175132 
4.08936 	 0.0176029 
4.12161 	 0.0177165 
4.15504 	 0.0177996 
4.1897 	 0.0179075 
4.22562 	 0.0180443 
4.25965 	 0.018118 
4.29656 	 0.0182177 
4.33316 	 0.018303 
4.37027 	 0.0183834 
4.40622 	 0.0184837 
4.44348 	 0.0186343 
4.47694 	 0.0187355 
4.51343 	 0.0188492 
4.55219 	 0.018964 
4.58515 	 0.0190157 
4.62033 	 0.0191559 
4.65502 	 0.0192278 
4.68825 	 0.0192945 
4.72093 	 0.0194052 
4.75586 	 0.0195757 
4.78832 	 0.0196457 
4.82112 	 0.019712 
4.8533 	 0.019831 
4.88582 	 0.0198819 
4.91866 	 0.0200235 
4.95186 	 0.0201717 
4.98337 	 0.0202309 
5.01518 	 0.0202822 
5.04626 	 0.0204412 
5.0787 	 0.020507 
5.1104 	 0.0206052 
5.14134 	 0.0206732 
5.17473 	 0.0207529 
5.20516 	 0.0208849 
5.23699 	 0.0209387 
5.26911 	 0.0210752 
5.30041 	 0.0211647 
5.33199 	 0.021239 
5.35816 	 0.02129 
5.39029 	 0.0214342 
5.42038 	 0.0214919 
5.44956 	 0.0215597 
5.48017 	 0.0216697 
5.50984 	 0.0217272 
5.53976 	 0.0218795 
5.57116 	 0.0219717 
5.60037 	 0.0220345 
5.63106 	 0.0220837 
5.66325 	 0.0221582 
5.69447 	 0.022251 
5.72596 	 0.0223825 
5.75644 	 0.0225014 
5.78589 	 0.0226242 
5.81685 	 0.0226635 
5.84678 	 0.0227322 
5.87695 	 0.0227922 
5.90868 	 0.0228977 
5.93802 	 0.0230175 
5.96757 	 0.0231507 
5.99735 	 0.0232437 
6.00861 	 0.0233211 
6.0345 	 0.0233461 
6.07514 	 0.023454 
6.08487 	 0.0235328 
6.11118 	 0.0235855 
6.14198 	 0.0236464 
6.15521 	 0.0236335 
6.19499 	 0.0237168 
6.22159 	 0.023802 
6.25717 	 0.0239175 
6.275 	 0.0239805 
6.30629 	 0.0240847 
6.33317 	 0.024156 
6.36912 	 0.0243137 
6.39617 	 0.0243345 
6.4233 	 0.0244398 
6.45048 	 0.0244627 
6.48228 	 0.0245912 
6.50961 	 0.0246755 
6.54159 	 0.0247758 
6.56449 	 0.0248768 
6.58744 	 0.024913 
6.62427 	 0.025098 
6.64733 	 0.02516 
6.689 	 0.0252755 
6.70291 	 0.0253295 
6.74478 	 0.0253717 
6.77746 	 0.0255415 
6.80554 	 0.0256203 
6.8431 	 0.0257535 
6.86192 	 0.0258138 
6.89967 	 0.0258958 
6.93754 	 0.0260355 
6.96603 	 0.0260605 
6.9946 	 0.0262698 
7.02802 	 0.026409 
7.07111 	 0.0264708 
7.09996 	 0.0265065 
7.13366 	 0.02666 
7.16266 	 0.026788 
7.20143 	 0.026871 
7.24519 	 0.027006 
7.26957 	 0.0271753 
7.30383 	 0.0272363 
7.35289 	 0.0273535 
7.37752 	 0.0274145 
7.42196 	 0.0276283 
7.46161 	 0.0277 
7.49146 	 0.0278011 
7.53634 	 0.0279339 
7.57137 	 0.0280539 
7.62663 	 0.0281739 
7.6569 	 0.0283807 
7.6923 	 0.0284117 
7.71766 	 0.0285061 
7.74306 	 0.0286372 
7.78896 	 0.0287089 
7.82474 	 0.02888 
7.79921 	 0.0288117 
7.73289 	 0.0284861 
7.6923 	 0.0284194 
7.66699 	 0.0283556 
7.65689 	 0.0282661 
7.64175 	 0.0282428 
7.63671 	 0.0281656 
7.63671 	 0.0282028 
7.65184 	 0.028205 
7.65689 	 0.0282794 
7.66699 	 0.0282769 
7.68723 	 0.0283856 
7.71257 	 0.0283869 
7.7278 	 0.0285406 
7.75323 	 0.0285888 
7.77872 	 0.0286313 
7.79915 	 0.0287267 
7.84013 	 0.0288572 
7.86579 	 0.0290261 
7.89668 	 0.0290711 
7.92247 	 0.0291031 
7.96387 	 0.029275 
7.99502 	 0.0293056 
8.03146 	 0.0294678 
8.0628 	 0.0296133 
8.09944 	 0.0297039 
8.13621 	 0.0298706 
8.17307 	 0.0298989 
8.21005 	 0.0300439 
8.25247 	 0.0301528 
8.28971 	 0.0303183 
8.32708 	 0.0303733 
8.36453 	 0.0305622 
8.40213 	 0.0305939 
8.43442 	 0.0308494 
8.48306 	 0.0309667 
8.52647 	 0.0311389 
8.56453 	 0.0311969 
8.61369 	 0.03132 
8.65207 	 0.0315256 
8.70156 	 0.0316067 
8.74574 	 0.0317975 
8.78453 	 0.0318556 
8.82898 	 0.0321 
8.87362 	 0.0321831 
8.89602 	 0.032345 
8.95212 	 0.032525 
8.98594 	 0.0325544 
9.02547 	 0.0327725 
9.07651 	 0.0328588 
9.13345 	 0.0330381 
9.17345 	 0.03328 
9.22508 	 0.033365 
9.27117 	 0.0335506 
9.31741 	 0.0336794 
9.37546 	 0.0339122 
9.42208 	 0.033995 
9.46887 	 0.0341806 
9.52171 	 0.0343788 
9.56298 	 0.0346056 
9.61621 	 0.0347894 
9.66965 	 0.0348913 
9.72931 	 0.0350388 
9.78323 	 0.0352244 
9.84951 	 0.0354256 
9.8676 	 0.0356662 
9.93421 	 0.0358106 
9.98288 	 0.0359944 
10.0317 	 0.0361681 
10.0931 	 0.0364356 
10.1609 	 0.0365744 
10.2104 	 0.0367381 
10.2663 	 0.0369406 
10.3225 	 0.0370669 
10.3726 	 0.0372969 
10.4355 	 0.037525 
10.4924 	 0.0377425 
10.5367 	 0.0380225 
10.5941 	 0.0381575 
10.658 	 0.0383138 
10.7093 	 0.0384256 
10.7674 	 0.0387106 
10.8321 	 0.0389325 
10.8776 	 0.0391363 
10.9364 	 0.0392967 
10.9953 	 0.0395067 
11.048 	 0.0397417 
11.1074 	 0.0398922 
11.1671 	 0.0401481 
11.2271 	 0.0403481 
11.2873 	 0.040605 
11.3478 	 0.0407506 
11.4017 	 0.0409869 
11.4559 	 0.0411472 
11.5171 	 0.0413619 
11.5854 	 0.0415544 
11.6265 	 0.0417625 
11.6884 	 0.0419581 
11.7437 	 0.0422044 
11.7992 	 0.0424028 
11.8618 	 0.04255 
11.9177 	 0.0427767 
11.9738 	 0.0429563 
12.0373 	 0.0432669 
12.0797 	 0.0434525 
12.1435 	 0.0436631 
12.2005 	 0.0438075 
12.2505 	 0.0440983 
12.3223 	 0.0442056 
12.3728 	 0.0445094 
12.4379 	 0.0447056 
12.4888 	 0.0448938 
12.5544 	 0.0450806 
12.6056 	 0.0452444 
12.657 	 0.0456 
12.7159 	 0.045795 
12.7677 	 0.0460044 
12.827 	 0.0461606 
12.8866 	 0.0464522 
12.9465 	 0.0465681 
12.9915 	 0.0467838 
13.0668 	 0.046975 
13.1198 	 0.0472172 
13.1729 	 0.0474788 
13.2185 	 0.0476244 
13.2949 	 0.0478139 
13.3409 	 0.047945 
13.3794 	 0.0482063 
13.4488 	 0.048515 
13.5108 	 0.0487 
13.5419 	 0.0488881 
13.612 	 0.0491319 
13.6668 	 0.0492819 
13.7296 	 0.0495963 
13.769 	 0.049745 
13.8322 	 0.0499481 
13.8877 	 0.0501238 
13.9354 	 0.0503625 
13.9993 	 0.0504944 
14.0473 	 0.0507964 
14.0955 	 0.0509457 
14.1599 	 0.0511207 
14.2166 	 0.0514 
14.2652 	 0.0516614 
14.3222 	 0.0517919 
14.3793 	 0.0520157 
14.4284 	 0.0521936 
14.4777 	 0.05244 
14.5354 	 0.0526071 
14.585 	 0.0527988 
14.6347 	 0.052965 
14.6846 	 0.0531921 
14.7429 	 0.0534525 
14.8099 	 0.0536656 
14.8602 	 0.053875 
14.9023 	 0.0540875 
14.9614 	 0.054285 
15.0122 	 0.0545093 
15.0632 	 0.0546214 
15.1143 	 0.05487 
15.1912 	 0.05506 
15.2255 	 0.05535 
15.2771 	 0.0555038 
15.3288 	 0.0557621 
15.3893 	 0.0559925 
15.45 	 0.0561743 
15.4848 	 0.0563536 
15.5284 	 0.0565419 
15.5808 	 0.0568181 
15.651 	 0.0569344 
15.695 	 0.0572013 
15.7568 	 0.0574436 
15.8098 	 0.0576664 
15.863 	 0.0578307 
15.9075 	 0.0579938 
15.9521 	 0.0582581 
15.9968 	 0.0583819 
16.0596 	 0.0586044 
16.1225 	 0.05883 
16.1496 	 0.0590663 
16.2038 	 0.0592486 
16.2491 	 0.0595271 
16.3218 	 0.0596831 
16.3582 	 0.0599375 
16.413 	 0.0601244 
16.4772 	 0.0602788 
16.5047 	 0.0605231 
16.5599 	 0.0606757 
16.6153 	 0.0608825 
16.6708 	 0.0611281 
16.7265 	 0.0612719 
16.7544 	 0.061485 
16.8103 	 0.0617175 
16.8757 	 0.0619906 
16.9226 	 0.0621879 
16.979 	 0.06239 
17.0261 	 0.0625494 
17.0733 	 0.0627694 
17.1111 	 0.0629638 
17.1585 	 0.0631419 
17.2155 	 0.0632838 
17.2631 	 0.0635319 
17.3205 	 0.0637679 
17.3683 	 0.0639169 
17.3971 	 0.0641594 
17.4548 	 0.0643938 
17.4933 	 0.0646363 
17.5802 	 0.0647906 
17.6093 	 0.0650494 
17.6578 	 0.0652307 
17.7064 	 0.0654021 
17.7649 	 0.0655714 
17.7942 	 0.0657906 
17.8139 	 0.0659919 
17.902 	 0.0662313 
17.9413 	 0.0664194 
17.9906 	 0.0666619 
18.04 	 0.0667864 
18.0994 	 0.0670486 
18.1489 	 0.0672336 
18.1887 	 0.0673964 
18.2285 	 0.0676169 
18.2884 	 0.0678588 
18.3384 	 0.0679075 
18.3685 	 0.0681806 
18.4186 	 0.0683988 
18.4891 	 0.0686014 
18.5092 	 0.0688371 
18.5698 	 0.0690269 
18.6103 	 0.0693056 
18.6306 	 0.0695 
18.722 	 0.0696813 
18.7526 	 0.0697663 
18.8138 	 0.07003 
18.8547 	 0.070305 
18.9059 	 0.07034 
18.9469 	 0.07057 
18.9881 	 0.070925 
19.0499 	 0.07106 
19.0912 	 0.07123 
19.1429 	 0.0714238 
19.1844 	 0.0716125 
19.2259 	 0.07189 
19.2779 	 0.0720311 
19.3196 	 0.0723025 
19.3613 	 0.07242 
19.4032 	 0.0727 
19.4451 	 0.0728038 
19.508 	 0.0730322 
19.5501 	 0.0733038 
19.5817 	 0.0734775 
19.6556 	 0.07354 
19.6873 	 0.0738163 
19.7403 	 0.0740825 
19.7721 	 0.0742913 
19.8359 	 0.0744563 
19.8891 	 0.0746875 
19.9318 	 0.0747989 
19.9639 	 0.0749875 
20.0067 	 0.07525 
20.0603 	 0.07544 
20.1248 	 0.0756563 
20.1464 	 0.075875 
20.2003 	 0.0760144 
20.2435 	 0.0762475 
20.2867 	 0.0764288 
20.3192 	 0.0765738 
20.3735 	 0.07682 
20.4387 	 0.0770012 
20.4714 	 0.0772763 
20.5041 	 0.0773925 
20.5368 	 0.0775888 
20.6134 	 0.0778178 
20.6462 	 0.0780988 
20.6792 	 0.07829 
20.7451 	 0.0784675 
20.7891 	 0.0785788 
20.8222 	 0.0788444 
20.8663 	 0.0790378 
20.9216 	 0.0792356 
20.9438 	 0.0794175 
21.0102 	 0.0796163 
21.0324 	 0.0797688 
21.088 	 0.0800038 
21.1326 	 0.0801925 
21.1771 	 0.0804763 
21.233 	 0.080585 
21.2777 	 0.0807738 
21.3113 	 0.0810113 
21.3786 	 0.0811813 
21.401 	 0.0814263 
21.4572 	 0.0815544 
21.5023 	 0.0817688 
21.5586 	 0.08202 
21.5812 	 0.0820937 
21.6264 	 0.0823013 
21.683 	 0.0824738 
21.717 	 0.0827925 
21.7737 	 0.0830413 
21.7965 	 0.08326 
21.8533 	 0.0833613 
21.8875 	 0.0835289 
21.9331 	 0.0838125 
21.9673 	 0.08393 
22.0244 	 0.084155 
22.0587 	 0.084325 
22.1275 	 0.084585 
22.1734 	 0.0847522 
22.2078 	 0.0849413 
22.2308 	 0.0850813 
22.2999 	 0.0852344 
22.3345 	 0.0855422 
22.3575 	 0.0857233 
22.4383 	 0.086 
22.473 	 0.08603 
22.5078 	 0.086285 
22.5425 	 0.08651 
22.6005 	 0.0867675 
22.6354 	 0.0869988 
22.6935 	 0.0871088 
22.7168 	 0.08732 
22.7517 	 0.0875325 
22.81 	 0.0877338 
22.845 	 0.0879563 
22.9034 	 0.08808 
22.9502 	 0.0883311 
22.9853 	 0.0886678 
23.0322 	 0.0887044 
23.0792 	 0.0889325 
23.1026 	 0.0890375 
23.1497 	 0.0892325 
23.1967 	 0.089395 
23.2438 	 0.08964 
23.2792 	 0.089795 
23.3146 	 0.09005 
23.3736 	 0.090135 
23.4209 	 0.0904725 
23.4564 	 0.0906344 
23.5038 	 0.090735 
23.5275 	 0.0909275 
23.5987 	 0.0911338 
23.6225 	 0.091355 
23.6581 	 0.0916088 
23.7176 	 0.0918125 
23.7652 	 0.091955 
23.7891 	 0.0921375 
23.8248 	 0.09233 
23.8606 	 0.092585 
23.9204 	 0.0927425 
23.9562 	 0.0929025 
24.0041 	 0.0930338 
24.0281 	 0.0933267 
24.088 	 0.0934188 
24.124 	 0.0937313 
24.172 	 0.093895 
24.196 	 0.0940388 
24.2441 	 0.0942838 
24.2922 	 0.0944313 
24.3404 	 0.0946575 
24.3766 	 0.094815 
24.4369 	 0.0951563 
24.461 	 0.0951888 
24.5093 	 0.0954111 
24.5456 	 0.0956788 
24.6182 	 0.0957525 
24.6303 	 0.0961013 
24.6788 	 0.0961787 
24.7273 	 0.0963925 
24.7516 	 0.0965613 
24.8002 	 0.0967256 
24.8488 	 0.0969063 
24.8852 	 0.0971833 
24.9339 	 0.097395 
24.9583 	 0.0975125 
25.007 	 0.0977744 
25.0802 	 0.0979863 
25.1168 	 0.0980775 
25.1412 	 0.0982138 
25.1657 	 0.09854 
25.2146 	 0.0987025 
25.2635 	 0.0989488 
25.3002 	 0.09906 
25.3369 	 0.099175 
25.3982 	 0.0994138 
25.4105 	 0.0996613 
25.4595 	 0.0998038 
25.5086 	 0.100014 
25.5578 	 0.100169 
25.5946 	 0.100338 
25.6315 	 0.10053 
25.6807 	 0.100763 
25.7176 	 0.100911 
25.7545 	 0.101086 
25.7791 	 0.101343 
25.8407 	 0.101436 
25.89 	 0.101679 
25.9147 	 0.101834 
25.9517 	 0.102103 
26.001 	 0.102273 
26.038 	 0.102456 
26.0998 	 0.102635 
26.1368 	 0.102844 
26.1615 	 0.10297 
26.1862 	 0.103181 
26.2727 	 0.103379 
26.2975 	 0.103575 
26.3346 	 0.103756 
26.384 	 0.104009 
26.4335 	 0.104179 
26.4459 	 0.10433 
26.483 	 0.104408 
26.5449 	 0.104646 
26.5697 	 0.104815 
26.6192 	 0.105069 
26.644 	 0.105273 
26.7183 	 0.105488 
26.7307 	 0.105674 
26.7926 	 0.105923 
26.8174 	 0.106005 
26.8546 	 0.106183 
26.8917 	 0.106414 
26.9165 	 0.106498 
26.9909 	 0.10675 
27.028 	 0.107026 
27.09 	 0.107103 
27.1024 	 0.107293 
27.1644 	 0.107544 
27.2015 	 0.10768 
27.2387 	 0.107834 
27.2635 	 0.108058 
27.3007 	 0.108243 
27.375 	 0.108481 
27.3874 	 0.108644 
27.4246 	 0.108764 
27.4741 	 0.108986 
27.5113 	 0.10914 
27.5608 	 0.109383 
27.5979 	 0.109586 
27.6351 	 0.10975 
27.6475 	 0.109854 
27.6846 	 0.110063 
27.7217 	 0.11036 
27.7836 	 0.110555 
27.8207 	 0.110604 
27.8578 	 0.110808 
27.8949 	 0.11103 
27.9568 	 0.111185 
27.9939 	 0.111419 
28.031 	 0.111566 
28.0557 	 0.111669 
28.1051 	 0.111886 
28.1422 	 0.112261 
28.1793 	 0.112298 
28.2287 	 0.112483 
28.2657 	 0.112656 
28.2904 	 0.112809 
28.3398 	 0.112889 
28.3768 	 0.113143 
28.4015 	 0.113309 
28.4632 	 0.11355 
28.5002 	 0.113717 
28.5372 	 0.113954 
28.5742 	 0.114188 
28.6112 	 0.114275 
28.6605 	 0.114464 
28.6975 	 0.114576 
28.7468 	 0.114831 
28.7714 	 0.11503 
28.7961 	 0.115191 
28.8453 	 0.115371 
28.8823 	 0.11553 
28.9438 	 0.115635 
28.9684 	 0.115979 
29.0053 	 0.11608 
29.0422 	 0.116259 
29.1037 	 0.116359 
29.116 	 0.116625 
29.1528 	 0.116838 
29.202 	 0.116906 
29.2634 	 0.117123 
29.288 	 0.117341 
29.3125 	 0.117566 
29.3616 	 0.11769 
29.3984 	 0.117855 
29.4597 	 0.118003 
29.4597 	 0.118213 
29.521 	 0.11831 
29.5578 	 0.118577 
29.5946 	 0.11881 
29.6313 	 0.118917 
29.668 	 0.119093 
29.7048 	 0.119301 
29.7537 	 0.119428 
29.7904 	 0.119701 
29.8271 	 0.119825 
29.876 	 0.119998 
29.9004 	 0.120253 
29.9127 	 0.120315 
29.9737 	 0.120497 
30.0348 	 0.120775 
30.047 	 0.120851 
30.0836 	 0.121016 
30.1202 	 0.121277 
30.169 	 0.121429 
30.2055 	 0.12154 
30.2543 	 0.121826 
30.2786 	 0.121977 
30.3273 	 0.122173 
30.3517 	 0.122208 
30.4004 	 0.122483 
30.4247 	 0.122599 
30.4612 	 0.12274 
30.5098 	 0.122956 
30.5584 	 0.123196 
30.5827 	 0.123364 
30.6191 	 0.123599 
30.6677 	 0.123549 
30.6919 	 0.123713 
30.7162 	 0.124065 
30.7647 	 0.12416 
30.8132 	 0.124301 
30.8616 	 0.124551 
30.8979 	 0.124639 
30.9342 	 0.124861 
30.9705 	 0.125027 
30.9705 	 0.125154 
31.0552 	 0.125446 
31.0793 	 0.125688 
31.1155 	 0.125705 
31.1397 	 0.125923 
31.2 	 0.126222 
31.2242 	 0.12635 
31.2603 	 0.126415 
31.3085 	 0.126679 
31.3447 	 0.126815 
31.3688 	 0.126874 
31.4289 	 0.127059 
31.453 	 0.127209 
31.5011 	 0.127496 
31.5251 	 0.127479 
31.5732 	 0.127871 
31.5972 	 0.128016 
31.6452 	 0.128082 
31.6812 	 0.128226 
31.7052 	 0.128417 
31.7651 	 0.128199 
31.801 	 0.128344 
31.837 	 0.128526 
31.8848 	 0.128565 
31.9207 	 0.128816 
31.9446 	 0.128917 
32.0163 	 0.129323 
32.0043 	 0.12937 
32.064 	 0.129389 
32.0879 	 0.129406 
32.1237 	 0.129908 
32.1594 	 0.130036 
32.1952 	 0.130147 
32.2666 	 0.130296 
32.2666 	 0.130693 
32.3142 	 0.130565 
32.3498 	 0.130755 
32.3736 	 0.131243 
32.433 	 0.131101 
32.4805 	 0.131416 
32.5042 	 0.13152 
32.5516 	 0.131709 
32.5634 	 0.131946 
32.6226 	 0.132106 
32.6581 	 0.132261 
32.7055 	 0.132406 
32.7291 	 0.132463 
32.7763 	 0.132963 
32.8 	 0.132865 
32.8472 	 0.133128 
32.9061 	 0.133323 
32.9296 	 0.133555 
32.965 	 0.133781 
33.0121 	 0.133633 
33.0473 	 0.134009 
33.0826 	 0.134031 
33.1178 	 0.13408 
33.1765 	 0.134446 
33.1883 	 0.134851 
33.2469 	 0.134759 
33.282 	 0.135013 
33.3054 	 0.134984 
33.3522 	 0.135263 
33.3873 	 0.135518 
33.4457 	 0.135656 
33.4807 	 0.1358 
33.5041 	 0.135964 
33.5507 	 0.136128 
33.5857 	 0.136323 
33.6439 	 0.13666 
33.6671 	 0.136813 
33.702 	 0.136878 
33.7601 	 0.136989 
33.7833 	 0.13724 
33.8181 	 0.137426 
33.8645 	 0.137581 
33.8992 	 0.137761 
33.9339 	 0.137914 
33.9918 	 0.13791 
34.0264 	 0.138265 
34.0611 	 0.138587 
34.1188 	 0.138628 
34.1534 	 0.13886 
34.1994 	 0.138848 
34.2224 	 0.139123 
34.2799 	 0.139444 
34.3029 	 0.139373 
34.3259 	 0.139668 
34.3718 	 0.13969 
34.4291 	 0.140068 
34.452 	 0.14002 
34.5092 	 0.140248 
34.5435 	 0.140583 
34.5892 	 0.140496 
34.6235 	 0.140869 
34.6691 	 0.14117 
34.6919 	 0.141408 
34.7146 	 0.14133 
34.7943 	 0.14149 
34.8397 	 0.141615 
34.8511 	 0.141985 
34.8965 	 0.142073 
34.9418 	 0.142113 
34.9758 	 0.142351 
35.021 	 0.142562 
35.0549 	 0.142582 
35.0888 	 0.142918 
35.134 	 0.142808 
35.2016 	 0.143325 
35.2353 	 0.14334 
35.2578 	 0.143498 
35.3252 	 0.143853 
35.3365 	 0.143958 
35.3814 	 0.144104 
35.4262 	 0.144298 
35.4598 	 0.144423 
35.4821 	 0.144573 
35.5269 	 0.14482 
35.5715 	 0.14492 
35.6384 	 0.145193 
35.6496 	 0.145118 
35.683 	 0.145535 
35.7497 	 0.145588 
35.7831 	 0.145668 
35.8274 	 0.146068 
35.8607 	 0.146275 
35.9161 	 0.146185 
35.9382 	 0.146385 
35.9825 	 0.146708 
36.0266 	 0.146615 
36.0598 	 0.14712 
36.1039 	 0.147378 
36.1369 	 0.147608 
36.1919 	 0.147418 
36.2249 	 0.147633 
36.2798 	 0.147875 
36.3127 	 0.147905 
36.3675 	 0.148135 
36.3894 	 0.148358 
36.4113 	 0.148402 
36.4659 	 0.148718 
36.5096 	 0.14885 
36.5423 	 0.149058 
36.5968 	 0.148973 
36.6403 	 0.149208 
36.6729 	 0.149695 
36.7164 	 0.14981 
36.749 	 0.149945 
36.7815 	 0.150243 
36.8248 	 0.150248 
36.8681 	 0.15045 
36.9222 	 0.150568 
36.9653 	 0.15059 
36.9869 	 0.150733 
37.03 	 0.151055 
37.0731 	 0.15117 
37.1161 	 0.151405 
37.1484 	 0.151573 
37.1913 	 0.151855 
37.2235 	 0.15185 
37.2663 	 0.152153 
37.2985 	 0.15218 
37.3412 	 0.152535 
37.384 	 0.152618 
37.4373 	 0.152728 
37.4906 	 0.152988 
37.5332 	 0.153 
37.5439 	 0.153245 
37.6288 	 0.15346 
37.6289 	 0.153698 
37.6819 	 0.153803 
37.7243 	 0.153945 
37.756 	 0.15381 
37.8089 	 0.154166 
37.83 	 0.154385 
37.8722 	 0.15466 
37.9355 	 0.154815 
37.9776 	 0.154873 
38.0197 	 0.155268 
38.0407 	 0.155268 
38.0932 	 0.155476 
38.1246 	 0.155538 
38.1665 	 0.155913 
38.1979 	 0.155958 
38.2502 	 0.156225 
38.292 	 0.15621 
38.3337 	 0.156623 
38.365 	 0.156725 
38.417 	 0.156888 
38.4586 	 0.157033 
38.4898 	 0.157155 
38.5313 	 0.157283 
38.5832 	 0.15761 
38.6142 	 0.15778 
38.6453 	 0.157905 
38.697 	 0.158048 
38.7383 	 0.158138 
38.7795 	 0.158285 
38.831 	 0.1584 
38.8619 	 0.15874 
38.9133 	 0.158733 
38.9441 	 0.159051 
38.9852 	 0.15892 
39.0262 	 0.159098 
39.0569 	 0.159478 
39.108 	 0.159587 
39.1285 	 0.15988 
39.1897 	 0.159943 
39.2203 	 0.160083 
39.2712 	 0.160298 
39.3018 	 0.160565 
39.3424 	 0.160705 
39.3932 	 0.16094 
39.4338 	 0.16111 
39.4743 	 0.16107 
39.5148 	 0.16126 
39.5451 	 0.161544 
39.5956 	 0.161595 
39.6461 	 0.161725 
39.6763 	 0.161669 
39.7266 	 0.161888 
39.7969 	 0.161988 
39.797 	 0.162805 
39.8471 	 0.163143 
39.8772 	 0.163385 
39.9173 	 0.163591 
39.9673 	 0.163875 
39.9973 	 0.163878 
40.0472 	 0.16417 
40.087 	 0.16438 
40.1269 	 0.1644 
40.1567 	 0.164533 
40.1965 	 0.164728 
40.2362 	 0.16491 
40.2858 	 0.165115 
40.3353 	 0.16528 
40.3749 	 0.16559 
40.4144 	 0.165628 
40.4539 	 0.165768 
40.4934 	 0.166 
40.5427 	 0.166088 
40.582 	 0.166295 
40.6213 	 0.166463 
40.6606 	 0.166558 
40.6999 	 0.16674 
40.739 	 0.166815 
40.788 	 0.167023 
40.8271 	 0.167265 
40.8466 	 0.167505 
40.8954 	 0.16769 
40.9442 	 0.167693 
40.9831 	 0.167858 
41.0317 	 0.16819 
41.0706 	 0.168425 
41.0997 	 0.16843 
41.1482 	 0.168568 
41.1869 	 0.168835 
41.2256 	 0.168978 
41.2932 	 0.169038 
41.3125 	 0.169285 
41.3511 	 0.169398 
41.4089 	 0.169575 
41.4473 	 0.169763 
41.4761 	 0.169973 
41.5241 	 0.170098 
41.5721 	 0.17039 
41.6008 	 0.17043 
41.6677 	 0.170613 
41.6869 	 0.17063 
41.725 	 0.170828 
41.7727 	 0.170995 
41.8203 	 0.171208 
41.8584 	 0.171523 
41.9059 	 0.171535 
41.9343 	 0.171728 
41.9818 	 0.17177 
42.0196 	 0.17208 
42.0575 	 0.172065 
42.0858 	 0.172333 
42.1425 	 0.17239 
42.1802 	 0.172613 
42.2179 	 0.172848 
42.265 	 0.172953 
42.3119 	 0.173207 
42.3495 	 0.173284 
42.387 	 0.17342 
42.4245 	 0.173653 
42.4806 	 0.17376 
42.5087 	 0.173993 
42.5647 	 0.174088 
42.6113 	 0.174295 
42.6392 	 0.1744 
42.6858 	 0.1746 
42.723 	 0.174825 
42.7601 	 0.17497 
42.8157 	 0.175055 
42.8435 	 0.175188 
42.8991 	 0.175331 
42.936 	 0.175533 
42.9637 	 0.175775 
43.0191 	 0.175873 
43.0467 	 0.175988 
43.0927 	 0.17625 
43.1387 	 0.176345 
43.1846 	 0.176505 
43.2305 	 0.176705 
43.258 	 0.176815 
43.3037 	 0.176944 
43.3403 	 0.177265 
43.3768 	 0.177278 
43.4407 	 0.177485 
43.468 	 0.17765 
43.5135 	 0.177858 
43.559 	 0.17789 
43.5953 	 0.178022 
43.6316 	 0.178288 
43.6678 	 0.178415 
43.7312 	 0.178583 
43.7673 	 0.1788 
43.8125 	 0.17892 
43.8396 	 0.179048 
43.8756 	 0.179088 
43.9386 	 0.179403 
43.9656 	 0.179598 
44.0105 	 0.179715 
44.0464 	 0.17979 
44.0912 	 0.179903 
44.136 	 0.180138 
44.1896 	 0.180253 
44.2164 	 0.18042 
44.2699 	 0.180653 
44.3056 	 0.180718 
44.359 	 0.18093 
44.3945 	 0.181203 
44.4389 	 0.181233 
44.4478 	 0.181378 
44.5099 	 0.181548 
44.563 	 0.181773 
44.5984 	 0.181813 
44.6513 	 0.182033 
44.6866 	 0.182163 
44.7219 	 0.182523 
44.7571 	 0.18268 
44.8099 	 0.18289 
44.8626 	 0.182933 
44.8977 	 0.183078 
44.9327 	 0.18321 
44.9852 	 0.183328 
45.0115 	 0.183508 
45.0552 	 0.1836 
45.1075 	 0.183855 
45.1511 	 0.183996 
45.1859 	 0.184153 
45.2207 	 0.184243 
45.2728 	 0.184465 
45.3076 	 0.184703 
45.3509 	 0.18478 
45.4029 	 0.184975 
45.4374 	 0.185085 
45.4806 	 0.185198 
45.5238 	 0.185433 
45.5583 	 0.185573 
45.6099 	 0.185608 
45.6444 	 0.185888 
45.6873 	 0.185983 
45.7217 	 0.18618 
45.7731 	 0.186108 
45.8159 	 0.186355 
45.8502 	 0.18663 
45.91 	 0.186768 
45.9441 	 0.186835 
45.9953 	 0.187018 
46.0293 	 0.187173 
46.0804 	 0.187353 
46.1144 	 0.187488 
46.1568 	 0.187728 
46.1992 	 0.187768 
46.2416 	 0.187915 
46.2839 	 0.18808 
46.343 	 0.188263 
46.3768 	 0.188388 
46.4105 	 0.188595 
46.4442 	 0.188843 
46.52 	 0.188703 
46.5368 	 0.188908 
46.5703 	 0.189078 
46.6625 	 0.189151 
46.6626 	 0.189309 
46.6877 	 0.189533 
46.7462 	 0.18977 
46.8047 	 0.189833 
46.8297 	 0.18995 
46.913 	 0.190083 
46.9297 	 0.190347 
46.9712 	 0.190435 
47.0128 	 0.190538 
47.0543 	 0.190618 
47.0874 	 0.19087 
47.1536 	 0.190938 
47.1784 	 0.191142 
47.228 	 0.19139 
47.2693 	 0.191493 
47.3105 	 0.191695 
47.3599 	 0.191898 
47.401 	 0.19204 
47.4421 	 0.19215 
47.4831 	 0.192268 
47.5405 	 0.192488 
47.5651 	 0.19276 
47.606 	 0.192753 
47.655 	 0.192845 
47.6959 	 0.193025 
47.7366 	 0.193309 
47.7855 	 0.193425 
47.8343 	 0.193625 
47.8669 	 0.19371 
47.8993 	 0.193863 
47.9561 	 0.193648 
47.9967 	 0.193289 
48.0452 	 0.193438 
48.0776 	 0.193845 
48.118 	 0.193804 
48.1745 	 0.19396 
48.2148 	 0.194013 
48.2711 	 0.194135 
48.3033 	 0.194475 
48.3355 	 0.194465 
48.3836 	 0.194778 
48.4237 	 0.195133 
48.4718 	 0.195048 
48.5118 	 0.1952 
48.5678 	 0.195313 
48.5997 	 0.195438 
48.6476 	 0.195625 
48.6954 	 0.19578 
48.7273 	 0.19616 
48.7829 	 0.196098 
48.8306 	 0.196108 
48.8623 	 0.196508 
48.902 	 0.196795 
48.9495 	 0.19679 
48.9891 	 0.196718 
49.0365 	 0.196729 
49.0839 	 0.19699 
49.1155 	 0.19723 
49.1706 	 0.197458 
49.21 	 0.197478 
49.2415 	 0.19792 
49.2808 	 0.19776 
49.3357 	 0.197818 
49.3828 	 0.198425 
49.4298 	 0.19821 
49.4767 	 0.19829 
49.5236 	 0.198505 
49.5549 	 0.198515 
49.6017 	 0.198695 
49.6329 	 0.199288 
49.6796 	 0.198983 
49.7263 	 0.19933 
49.7885 	 0.199418 
49.8118 	 0.199433 
49.8661 	 0.199448 
49.9048 	 0.199696 
49.9435 	 0.200245 
49.9977 	 0.20008 
50.0286 	 0.200248 
50.0749 	 0.200513 
50.0904 	 0.200538 
50.1598 	 0.200535 
50.2213 	 0.200795 
50.2598 	 0.201193 
50.2905 	 0.201308 
50.3366 	 0.201398 
50.3903 	 0.201665 
50.4362 	 0.2017 
50.4745 	 0.202013 
50.5204 	 0.201628 
50.5586 	 0.201888 
50.6044 	 0.20235 
50.6425 	 0.202613 
50.7035 	 0.202429 
50.7339 	 0.202665 
50.7719 	 0.202743 
50.8251 	 0.202745 
50.8631 	 0.203025 
50.9161 	 0.203153 
50.9616 	 0.203257 
50.9994 	 0.203628 
51.0523 	 0.20338 
51.0901 	 0.203553 
51.1429 	 0.203653 
51.1806 	 0.204035 
51.2258 	 0.203975 
51.2634 	 0.204211 
51.3085 	 0.204374 
51.3536 	 0.20444 
51.3986 	 0.204626 
51.4436 	 0.204925 
51.496 	 0.205003 
51.5334 	 0.204965 
51.5782 	 0.205268 
51.6231 	 0.205373 
51.6678 	 0.20552 
51.7125 	 0.205595 
51.7423 	 0.205715 
51.7944 	 0.205793 
51.839 	 0.20596 
51.8761 	 0.206093 
51.928 	 0.206245 
51.9725 	 0.206493 
52.0243 	 0.206463 
52.0687 	 0.206545 
52.1056 	 0.206603 
52.1426 	 0.206629 
52.2016 	 0.206855 
52.2458 	 0.207158 
52.2826 	 0.207229 
52.3194 	 0.207663 
52.3708 	 0.207597 
52.4148 	 0.207934 
52.4662 	 0.207923 
52.5101 	 0.208063 
52.554 	 0.20822 
52.5979 	 0.208185 
52.6491 	 0.208255 
52.6856 	 0.208508 
52.7293 	 0.208765 
52.773 	 0.208895 
52.824 	 0.20888 
52.8676 	 0.20913 
52.9184 	 0.209298 
52.962 	 0.2093 
52.9982 	 0.209728 
53.0417 	 0.209555 
53.0923 	 0.209714 
53.1357 	 0.209905 
53.1718 	 0.2101 
53.2224 	 0.210203 
53.2728 	 0.210373 
53.316 	 0.21063 
53.3592 	 0.210868 
53.4023 	 0.210808 
53.4598 	 0.21088 
53.5028 	 0.211053 
53.5387 	 0.211248 
53.5745 	 0.211349 
53.6246 	 0.211453 
53.6746 	 0.211595 
53.7103 	 0.211708 
53.746 	 0.211753 
53.803 	 0.211915 
53.8458 	 0.21212 
53.8956 	 0.212443 
53.9382 	 0.212243 
53.988 	 0.21253 
54.0163 	 0.21252 
54.0731 	 0.212748 
54.1226 	 0.212878 
54.1651 	 0.212973 
54.2075 	 0.213208 
54.2428 	 0.213255 
54.2993 	 0.213408 
54.3345 	 0.213503 
54.3838 	 0.213658 
54.426 	 0.213813 
54.4753 	 0.213808 
54.5174 	 0.213895 
54.5595 	 0.214103 
54.6086 	 0.214275 
54.6716 	 0.214333 
54.6926 	 0.21429 
54.7486 	 0.214955 
54.7835 	 0.214803 
54.8323 	 0.215258 
54.8602 	 0.215498 
54.916 	 0.215091 
54.9577 	 0.215398 
55.0203 	 0.21547 
55.0551 	 0.215774 
55.0898 	 0.215993 
55.1383 	 0.21625 
55.173 	 0.21646 
55.2215 	 0.21606 
55.263 	 0.216253 
55.3183 	 0.216258 
55.3666 	 0.216535 
55.3942 	 0.216625 
55.4424 	 0.216855 
55.4838 	 0.217085 
55.5388 	 0.217513 
55.5801 	 0.217225 
55.6281 	 0.217288 
55.683 	 0.217466 
55.7036 	 0.217893 
55.7584 	 0.217645 
55.8132 	 0.217843 
55.8542 	 0.218038 
55.8952 	 0.218045 
55.943 	 0.218263 
55.9839 	 0.218575 
56.0316 	 0.218528 
56.0792 	 0.21851 
56.12 	 0.21876 
56.1744 	 0.218815 
56.2083 	 0.218965 
56.2558 	 0.218978 
56.2965 	 0.219125 
56.3439 	 0.219068 
56.371 	 0.219348 
56.4318 	 0.219563 
56.4791 	 0.219553 
56.5196 	 0.220015 
56.5736 	 0.220155 
56.6072 	 0.220465 
56.6611 	 0.220506 
56.6947 	 0.220503 
56.7485 	 0.220851 
56.7888 	 0.220883 
56.8491 	 0.221163 
56.8827 	 0.22097 
56.9161 	 0.221113 
56.9764 	 0.22126 
57.0031 	 0.221248 
57.0566 	 0.221551 
57.0966 	 0.221583 
57.15 	 0.22173 
57.19 	 0.221875 
57.2366 	 0.222145 
57.2765 	 0.222558 
57.323 	 0.222485 
57.3762 	 0.22272 
57.4226 	 0.22266 
57.469 	 0.222951 
57.5021 	 0.223077 
57.5419 	 0.223248 
57.6014 	 0.223158 
57.641 	 0.223298 
57.6873 	 0.223455 
57.7202 	 0.223513 
57.7664 	 0.223883 
57.8125 	 0.22372 
57.8586 	 0.223903 
57.9112 	 0.224194 
57.9441 	 0.224146 
57.9966 	 0.224203 
58.0229 	 0.224495 
58.0819 	 0.224535 
58.1277 	 0.224788 
58.1735 	 0.224713 
58.2259 	 0.22495 
58.2389 	 0.225103 
58.3043 	 0.225237 
58.3499 	 0.225314 
58.4021 	 0.225383 
58.4412 	 0.225408 
58.4932 	 0.225795 
58.5323 	 0.22574 
58.5843 	 0.226283 
58.6232 	 0.226034 
58.6622 	 0.226135 
58.7011 	 0.226283 
58.7464 	 0.22629 
58.8047 	 0.226493 
58.85 	 0.226613 
58.8888 	 0.226758 
58.934 	 0.226948 
58.9727 	 0.227148 
59.0243 	 0.227195 
59.0694 	 0.227306 
59.121 	 0.227457 
59.1596 	 0.227498 
59.211 	 0.227568 
59.256 	 0.22775 
59.2881 	 0.228025 
59.3523 	 0.227945 
59.3843 	 0.227991 
59.4356 	 0.228225 
59.474 	 0.228293 
59.5188 	 0.228409 
59.5571 	 0.228443 
59.6082 	 0.228703 
59.6402 	 0.228723 
59.6976 	 0.228828 
59.7486 	 0.228893 
59.7932 	 0.229153 
59.8313 	 0.229074 
59.8759 	 0.22918 
59.9267 	 0.229223 
59.9775 	 0.229451 
60.022 	 0.229583 
60.0664 	 0.229898 
60.1044 	 0.230108 
60.1487 	 0.230063 
60.2057 	 0.230093 
60.231 	 0.230251 
60.2879 	 0.230463 
60.3384 	 0.23042 
60.3763 	 0.230546 
60.4204 	 0.230608 
60.4646 	 0.230845 
60.5087 	 0.23097 
60.5527 	 0.231153 
60.5968 	 0.231 
60.6471 	 0.231353 
60.691 	 0.231223 
60.7413 	 0.23158 
60.7915 	 0.23169 
60.8291 	 0.23182 
60.8729 	 0.23191 
60.9105 	 0.232043 
60.9731 	 0.232158 
61.0169 	 0.23248 
61.0544 	 0.232437 
61.0918 	 0.232971 
61.148 	 0.232983 
61.1917 	 0.233068 
61.2415 	 0.23321 
61.2914 	 0.233295 
61.3349 	 0.233425 
61.3785 	 0.233635 
61.422 	 0.233745 
61.4592 	 0.23379 
61.5089 	 0.233993 
61.5648 	 0.233903 
61.5957 	 0.23409 
61.6577 	 0.234238 
61.6949 	 0.2344 
61.732 	 0.234445 
61.7815 	 0.234693 
61.8247 	 0.23466 
61.8803 	 0.234793 
61.9297 	 0.234943 
61.9728 	 0.235005 
62.0098 	 0.2352 
62.0591 	 0.235175 
62.1145 	 0.235265 
62.1575 	 0.235365 
62.1944 	 0.23547 
62.2435 	 0.235718 
62.2865 	 0.235725 
62.3356 	 0.236 
62.3908 	 0.235943 
62.4214 	 0.236158 
62.4765 	 0.236275 
62.5193 	 0.23647 
62.5744 	 0.236418 
62.6171 	 0.236603 
62.6599 	 0.23674 
62.7087 	 0.236753 
62.7514 	 0.236943 
62.7941 	 0.236955 
62.8428 	 0.23707 
62.8793 	 0.237148 
62.928 	 0.23731 
62.9827 	 0.23742 
63.0252 	 0.237473 
63.0738 	 0.237537 
63.1163 	 0.237603 
63.1648 	 0.23784 
63.2132 	 0.237853 
63.2496 	 0.237915 
63.3101 	 0.238183 
63.3403 	 0.2383 
63.3887 	 0.238305 
63.431 	 0.238446 
63.4853 	 0.238466 
63.5275 	 0.238711 
63.5818 	 0.238778 
63.6179 	 0.238853 
63.6661 	 0.23886 
63.7082 	 0.23896 
63.7563 	 0.239133 
63.8224 	 0.23912 
63.8524 	 0.239317 
63.8945 	 0.239488 
63.9424 	 0.239568 
63.9904 	 0.239715 
64.0323 	 0.239888 
64.0802 	 0.240005 
64.14 	 0.239993 
64.1759 	 0.240166 
64.2237 	 0.24018 
64.2715 	 0.2402 
64.3192 	 0.24044 
64.361 	 0.24048 
64.4086 	 0.240735 
64.4503 	 0.24075 
64.498 	 0.240895 
64.5396 	 0.240929 
64.5991 	 0.240963 
64.6406 	 0.241211 
64.6881 	 0.241254 
64.7356 	 0.24133 
64.7712 	 0.241448 
64.8364 	 0.241518 
64.8719 	 0.241698 
64.9193 	 0.241695 
64.9548 	 0.241829 
65.008 	 0.241877 
65.0612 	 0.241989 
65.1025 	 0.242105 
65.1497 	 0.242233 
65.1851 	 0.242428 
65.2381 	 0.242483 
65.2853 	 0.242653 
65.3382 	 0.2426 
65.3794 	 0.242703 
65.4323 	 0.242823 
65.4676 	 0.243051 
65.5087 	 0.24312 
65.5791 	 0.243163 
65.6202 	 0.243183 
65.6553 	 0.243318 
65.708 	 0.243233 
65.7607 	 0.243463 
65.8017 	 0.243726 
65.8485 	 0.243714 
65.8835 	 0.243888 
65.9361 	 0.243883 
65.9653 	 0.244058 
66.0295 	 0.24416 
66.0586 	 0.244248 
66.0936 	 0.244343 
66.1518 	 0.244423 
66.1926 	 0.244494 
66.2275 	 0.244683 
66.2682 	 0.24477 
66.3147 	 0.244798 
66.3612 	 0.244863 
66.4018 	 0.244985 
66.4424 	 0.245189 
66.483 	 0.245197 
66.5352 	 0.245471 
66.5641 	 0.245366 
66.6047 	 0.245523 
66.6568 	 0.245665 
66.6857 	 0.2457 
66.7261 	 0.245735 
66.7782 	 0.245826 
66.8186 	 0.245749 
66.859 	 0.24592 
66.8936 	 0.245988 
66.9397 	 0.245948 
66.9801 	 0.246163 
67.0146 	 0.246088 
67.0492 	 0.24623 
67.101 	 0.246343 
67.1298 	 0.24642 
67.17 	 0.24646 
67.216 	 0.24659 
67.2504 	 0.246688 
67.3021 	 0.246815 
67.3365 	 0.246885 
67.3767 	 0.246893 
67.4111 	 0.247025 
67.4627 	 0.247091 
67.4913 	 0.247194 
67.5314 	 0.247225 
67.5714 	 0.247388 
67.6172 	 0.247433 
67.6572 	 0.247548 
67.6915 	 0.24765 
67.7257 	 0.247688 
67.7657 	 0.247677 
67.8056 	 0.247829 
67.8399 	 0.24792 
67.8855 	 0.248063 
67.9197 	 0.248023 
67.9595 	 0.248215 
67.9994 	 0.248208 
68.0392 	 0.248428 
68.0733 	 0.248454 
68.1074 	 0.248546 
68.1529 	 0.248577 
68.1927 	 0.24863 
68.2324 	 0.248675 
68.2664 	 0.248785 
68.3118 	 0.24889 
68.3458 	 0.248948 
68.3855 	 0.2489 
68.4082 	 0.2491 
68.4591 	 0.249225 
68.4988 	 0.24926 
68.5384 	 0.2493 
68.5723 	 0.249213 
68.6062 	 0.249318 
68.6401 	 0.249371 
68.674 	 0.249551 
68.7192 	 0.249674 
68.7587 	 0.24976 
68.7925 	 0.249838 
68.8263 	 0.249803 
68.877 	 0.249913 
68.8996 	 0.250018 
68.9503 	 0.25007 
68.984 	 0.250049 
69.0178 	 0.250189 
69.0572 	 0.25028 
69.0853 	 0.250363 
69.1302 	 0.2505 
69.1695 	 0.250497 
69.2032 	 0.250551 
69.2313 	 0.250491 
69.2762 	 0.25076 
69.3154 	 0.25086 
69.3491 	 0.250945 
69.3883 	 0.250915 
69.4219 	 0.251063 
69.4667 	 0.25094 
69.4947 	 0.251231 
69.5226 	 0.251326 
69.5618 	 0.251454 
69.6065 	 0.251443 
69.6289 	 0.251415 
69.6736 	 0.251508 
69.7126 	 0.25159 
69.7573 	 0.251653 
69.7796 	 0.251763 
69.8298 	 0.251871 
69.8577 	 0.251863 
69.8967 	 0.251977 
69.9301 	 0.252198 
69.9691 	 0.25229 
69.9969 	 0.252333 
70.0414 	 0.252394 
70.0693 	 0.252317 
70.1026 	 0.25247 
70.1526 	 0.252437 
70.1749 	 0.252655 
70.2138 	 0.252657 
70.2582 	 0.252825 
70.2859 	 0.25286 
70.3303 	 0.252883 
70.3469 	 0.2528 
70.3968 	 0.252966 
70.4245 	 0.253015 
70.4633 	 0.253217 
70.4966 	 0.25325 
70.5353 	 0.253242 
70.574 	 0.253286 
70.6017 	 0.253417 
70.6404 	 0.25344 
70.6625 	 0.25358 
70.7067 	 0.25364 
70.7399 	 0.253778 
70.773 	 0.253595 
70.8061 	 0.253823 
70.8448 	 0.253908 
70.8834 	 0.25392 
70.911 	 0.253891 
70.9496 	 0.254066 
70.9826 	 0.254225 
71.0212 	 0.254168 
71.0542 	 0.254305 
71.0817 	 0.254298 
71.1148 	 0.254292 
71.1588 	 0.254489 
71.1808 	 0.25434 
71.2193 	 0.254565 
71.2522 	 0.254518 
71.2907 	 0.254632 
71.3236 	 0.254785 
71.3621 	 0.254889 
71.3895 	 0.254953 
71.4224 	 0.255026 
71.4608 	 0.255168 
71.4992 	 0.255255 
71.5266 	 0.255315 
71.5704 	 0.255393 
71.5923 	 0.255365 
71.6307 	 0.255443 
71.6635 	 0.255577 
71.7182 	 0.255557 
71.7346 	 0.255694 
71.7674 	 0.255735 
71.8057 	 0.255805 
71.833 	 0.25583 
71.8658 	 0.2558 
71.8986 	 0.255778 
71.9313 	 0.255994 
71.9695 	 0.255918 
71.9968 	 0.255983 
72.0404 	 0.256093 
72.0677 	 0.255998 
72.1058 	 0.256083 
72.1276 	 0.256348 
72.1712 	 0.2563 
72.1984 	 0.2565 
72.2311 	 0.25654 
72.2637 	 0.256605 
72.2909 	 0.25662 
72.329 	 0.256813 
72.3671 	 0.256838 
72.4051 	 0.256978 
72.4377 	 0.257063 
72.4648 	 0.257051 
72.492 	 0.257283 
72.53 	 0.25722 
72.5625 	 0.25724 
72.6005 	 0.257377 
72.633 	 0.25734 
72.6656 	 0.257512 
72.6927 	 0.257577 
72.7306 	 0.25744 
72.7631 	 0.257487 
72.7956 	 0.25759 
72.8172 	 0.25776 
72.8551 	 0.257668 
72.893 	 0.257792 
72.9146 	 0.257866 
72.9524 	 0.25784 
72.9794 	 0.258037 
73.0173 	 0.258008 
73.0497 	 0.257817 
73.0767 	 0.257948 
73.1091 	 0.258068 
73.1414 	 0.258091 
73.1738 	 0.258294 
73.2115 	 0.258418 
73.2439 	 0.258333 
73.2708 	 0.258478 
73.3032 	 0.258455 
73.3301 	 0.258613 
73.3678 	 0.2586 
73.4055 	 0.2586 
73.427 	 0.258728 
73.47 	 0.258673 
73.5023 	 0.25878 
73.5292 	 0.258842 
73.5615 	 0.258838 
73.5937 	 0.258895 
73.6259 	 0.25913 
73.6581 	 0.259063 
73.6904 	 0.25914 
73.7172 	 0.25933 
73.7655 	 0.258968 
73.7762 	 0.25827 
73.8191 	 0.258435 
73.8406 	 0.258375 
73.8674 	 0.258337 
73.9049 	 0.258709 
73.9531 	 0.25873 
73.9584 	 0.258515 
73.9959 	 0.258638 
74.0387 	 0.258798 
74.0655 	 0.258773 
74.0976 	 0.258906 
74.1297 	 0.258806 
74.1617 	 0.259143 
74.1831 	 0.259095 
74.2205 	 0.259128 
74.2472 	 0.25923 
74.2846 	 0.259093 
74.3113 	 0.259195 
74.3487 	 0.25944 
74.3807 	 0.259266 
74.4074 	 0.259294 
74.4394 	 0.25954 
74.4607 	 0.259608 
74.498 	 0.259545 
74.53 	 0.259605 
74.5619 	 0.259485 
74.5886 	 0.259551 
74.6205 	 0.260257 
74.6631 	 0.259923 
74.6844 	 0.25979 
74.7163 	 0.259763 
74.7482 	 0.259973 
74.7695 	 0.260103 
74.8067 	 0.26006 
74.8279 	 0.260195 
74.8651 	 0.260151 
74.897 	 0.260574 
74.9342 	 0.26012 
74.9554 	 0.25999 
74.9819 	 0.260095 
75.0244 	 0.260278 
75.0403 	 0.26008 
75.0721 	 0.260283 
75.1092 	 0.260494 
75.141 	 0.260458 
75.1622 	 0.26038 
75.1993 	 0.260585 
75.2311 	 0.2606 
75.2523 	 0.26076 
75.2893 	 0.260633 
75.3211 	 0.260651 
75.3475 	 0.26107 
75.3846 	 0.261518 
75.411 	 0.261048 
75.4374 	 0.260995 
75.4691 	 0.260952 
75.5008 	 0.26122 
75.5167 	 0.261274 
75.559 	 0.261194 
75.5854 	 0.261335 
75.6223 	 0.260955 
75.6487 	 0.261255 
75.6803 	 0.261238 
75.7067 	 0.261357 
75.7331 	 0.26126 
75.7647 	 0.261303 
75.7858 	 0.261797 
75.828 	 0.26163 
75.8596 	 0.261655 
75.8912 	 0.261508 
75.9122 	 0.261583 
75.9438 	 0.261693 
75.9807 	 0.26167 
76.007 	 0.261663 
76.0333 	 0.261888 
76.0648 	 0.261908 
76.0964 	 0.261745 
76.1174 	 0.262073 
76.1542 	 0.261973 
76.1805 	 0.2619 
76.2068 	 0.262237 
76.2383 	 0.262166 
76.2698 	 0.262623 
76.3065 	 0.262308 
76.3328 	 0.2624 
76.3537 	 0.262385 
76.3852 	 0.262414 
76.4167 	 0.262295 
76.4481 	 0.262554 
76.4848 	 0.262457 
76.511 	 0.26306 
76.5425 	 0.262485 
76.5634 	 0.262458 
76.5949 	 0.262733 
76.6263 	 0.262863 
76.6577 	 0.262698 
76.6891 	 0.26264 
76.71 	 0.262637 
76.7414 	 0.262848 
76.7728 	 0.263035 
76.8041 	 0.263175 
76.8355 	 0.263225 
76.8669 	 0.263098 
76.8825 	 0.263054 
76.9243 	 0.262903 
76.9504 	 0.26352 
76.9818 	 0.263115 
77.0079 	 0.263178 
77.0444 	 0.263305 
77.0653 	 0.263813 
77.0966 	 0.263218 
77.1279 	 0.26342 
77.1539 	 0.263537 
77.1852 	 0.263551 
77.2165 	 0.263537 
77.2478 	 0.263405 
77.2738 	 0.263278 
77.305 	 0.263483 
77.3311 	 0.263545 
77.3623 	 0.263738 
77.3936 	 0.263671 
77.4196 	 0.263877 
77.4508 	 0.263863 
77.4768 	 0.26387 
77.5028 	 0.263758 
77.5392 	 0.263948 
77.5704 	 0.263753 
77.6016 	 0.263905 
77.6327 	 0.263894 
77.6535 	 0.263966 
77.6847 	 0.264274 
77.7106 	 0.264508 
77.747 	 0.264165 
77.7729 	 0.26413 
77.8093 	 0.26407 
77.8352 	 0.264178 
77.8663 	 0.264291 
77.8974 	 0.264375 
77.9233 	 0.264594 
77.9596 	 0.264403 
77.9855 	 0.264415 
78.0166 	 0.26439 
78.0425 	 0.26439 
78.0736 	 0.264485 
78.1047 	 0.264353 
78.1357 	 0.2647 
78.1616 	 0.265169 
78.1927 	 0.264717 
78.2237 	 0.264503 
78.2547 	 0.264528 
78.2858 	 0.264588 
78.3116 	 0.264649 
78.3478 	 0.264603 
78.3736 	 0.265148 
78.4046 	 0.264629 
78.4253 	 0.264749 
78.4666 	 0.26501 
78.4976 	 0.264871 
78.5234 	 0.264857 
78.5544 	 0.26471 
78.5853 	 0.264885 
78.6163 	 0.264874 
78.6369 	 0.264957 
78.6833 	 0.265014 
78.7091 	 0.265183 
78.74 	 0.265278 
78.771 	 0.265198 
78.8019 	 0.264963 
78.8276 	 0.26518 
78.8534 	 0.265293 
78.8894 	 0.266325 
78.9203 	 0.266494 
78.9358 	 0.26644 
78.9564 	 0.266474 
78.9872 	 0.26642 
79.0284 	 0.266591 
79.0541 	 0.266538 
79.0952 	 0.266683 
79.1261 	 0.266683 
79.1621 	 0.266643 
79.198 	 0.2667 
79.2392 	 0.266857 
79.2546 	 0.266748 
79.2905 	 0.266833 
79.3111 	 0.266711 
79.3521 	 0.266915 
79.3829 	 0.26688 
79.424 	 0.267015 
79.4445 	 0.267008 
79.4753 	 0.267015 
79.506 	 0.26702 
79.5471 	 0.267143 
79.5829 	 0.26695 
79.6086 	 0.267186 
79.6444 	 0.267203 
79.6701 	 0.267263 
79.711 	 0.267143 
79.7418 	 0.267218 
79.7827 	 0.26728 
79.8032 	 0.267215 
79.8441 	 0.267258 
79.8851 	 0.26741 
79.9106 	 0.267323 
79.9464 	 0.267468 
79.9822 	 0.267571 
80.0129 	 0.26758 
80.0538 	 0.26762 
80.0793 	 0.267657 
80.1304 	 0.26761 
80.156 	 0.267794 
80.1968 	 0.2676 
80.2326 	 0.26774 
80.2632 	 0.267851 
80.304 	 0.267869 
80.3397 	 0.267954 
80.3805 	 0.267863 
80.4162 	 0.267988 
80.4519 	 0.268 
80.4876 	 0.26803 
80.5335 	 0.268035 
80.5742 	 0.267975 
80.6099 	 0.268085 
80.6506 	 0.268118 
80.6914 	 0.2683 
80.7321 	 0.268115 
80.7779 	 0.268245 
80.8288 	 0.268235 
80.8593 	 0.26843 
80.9102 	 0.268265 
80.9661 	 0.268413 
81.0017 	 0.26838 
81.0576 	 0.268415 
81.1084 	 0.268435 
81.1439 	 0.26843 
81.1998 	 0.268583 
81.2556 	 0.268638 
81.3114 	 0.268778 
81.3672 	 0.26867 
81.428 	 0.268845 
81.4787 	 0.26884 
81.5446 	 0.268923 
81.6155 	 0.268906 
81.6814 	 0.269128 
81.7573 	 0.269018 
81.8079 	 0.269093 
81.8787 	 0.269135 
81.9444 	 0.269155 
82.0101 	 0.269158 
82.0809 	 0.26922 
82.1465 	 0.26934 
82.2223 	 0.26938 
82.2778 	 0.269435 
82.3484 	 0.269505 
82.414 	 0.269526 
82.4694 	 0.26962 
82.54 	 0.269703 
82.5954 	 0.269583 
82.6609 	 0.269758 
82.7263 	 0.269858 
82.7766 	 0.269933 
82.8421 	 0.270053 
82.9024 	 0.27001 
82.9628 	 0.269978 
83.0181 	 0.270203 
83.0733 	 0.270191 
83.1336 	 0.270286 
83.1838 	 0.270218 
83.2491 	 0.270418 
83.3093 	 0.27047 
83.3595 	 0.270478 
83.4197 	 0.270468 
83.4749 	 0.270438 
83.53 	 0.270605 
83.5851 	 0.27074 
83.6453 	 0.27068 
83.7004 	 0.270813 
83.7554 	 0.27093 
83.8105 	 0.270926 
83.8656 	 0.27098 
83.9206 	 0.271065 
83.9756 	 0.271023 
84.0306 	 0.271255 
84.0906 	 0.27128 
84.1506 	 0.271315 
84.2005 	 0.27138 
84.2555 	 0.271448 
84.3054 	 0.271453 
84.3653 	 0.271663 
84.4152 	 0.27154 
84.4801 	 0.27147 
84.5299 	 0.271543 
84.5798 	 0.27158 
84.6446 	 0.271805 
84.6845 	 0.271745 
84.7443 	 0.271883 
84.7991 	 0.271835 
84.8538 	 0.271928 
84.9086 	 0.272053 
84.9633 	 0.272188 
85.0181 	 0.272129 
85.0678 	 0.272145 
85.1374 	 0.272353 
85.1822 	 0.272303 
85.2418 	 0.272333 
85.2915 	 0.272343 
85.3412 	 0.272465 
85.4058 	 0.272463 
85.4504 	 0.27264 
85.5051 	 0.27258 
85.5596 	 0.272675 
85.6241 	 0.272635 
85.6787 	 0.272783 
85.7332 	 0.272683 
85.7779 	 0.27268 
85.8324 	 0.272823 
85.8869 	 0.272783 
85.9463 	 0.272955 
86.0008 	 0.27286 
86.0503 	 0.272935 
86.1048 	 0.273065 
86.1642 	 0.27296 
86.2136 	 0.273113 
86.2631 	 0.273183 
86.3323 	 0.273278 
86.3768 	 0.27313 
86.4361 	 0.273443 
86.4855 	 0.273318 
86.5349 	 0.273338 
86.5942 	 0.273393 
86.6535 	 0.273694 
86.7127 	 0.273633 
86.7522 	 0.273805 
86.7966 	 0.273803 
86.8607 	 0.273695 
86.9248 	 0.273835 
86.9742 	 0.273946 
87.0284 	 0.273755 
87.0777 	 0.273775 
87.1319 	 0.273785 
87.191 	 0.273903 
87.2353 	 0.27382 
87.2944 	 0.274028 
87.3387 	 0.27408 
87.4027 	 0.27401 
87.4519 	 0.274345 
87.5109 	 0.27425 
87.5699 	 0.274288 
87.6191 	 0.274365 
87.6633 	 0.274235 
87.7223 	 0.274463 
87.7763 	 0.27428 
87.8255 	 0.274398 
87.8844 	 0.27443 
87.9335 	 0.274593 
87.9973 	 0.274572 
88.1053 	 0.27463 
88.2181 	 0.274658 
88.3015 	 0.274923 
88.3799 	 0.274873 
88.4338 	 0.275027 
88.4975 	 0.2749 
88.5758 	 0.275047 
88.6346 	 0.274955 
88.6884 	 0.275053 
88.7276 	 0.275515 
88.7863 	 0.275271 
88.8401 	 0.27524 
88.8841 	 0.275283 
88.9379 	 0.27543 
88.9917 	 0.275488 
89.0553 	 0.27547 
89.0944 	 0.275695 
89.153 	 0.275595 
89.2116 	 0.275768 
89.2458 	 0.275535 
89.3142 	 0.275573 
89.363 	 0.275875 
89.4118 	 0.275849 
89.4752 	 0.275935 
89.5289 	 0.275993 
89.5777 	 0.276005 
89.6265 	 0.276008 
89.6752 	 0.27602 
89.724 	 0.276095 
89.7776 	 0.276145 
89.8458 	 0.276238 
89.8946 	 0.276275 
89.9481 	 0.276273 
89.9969 	 0.276411 
90.0456 	 0.276298 
90.0942 	 0.276574 
90.1478 	 0.276483 
90.2013 	 0.276433 
90.2549 	 0.276598 
90.3084 	 0.27663 
90.3521 	 0.276638 
90.4105 	 0.276689 
90.4591 	 0.276844 
90.5223 	 0.276656 
90.5661 	 0.276706 
90.6195 	 0.276794 
90.673 	 0.276928 
90.7264 	 0.276788 
90.7701 	 0.276769 
90.8284 	 0.276961 
90.877 	 0.277038 
90.9304 	 0.277125 
90.9789 	 0.277156 
91.0323 	 0.277175 
91.0905 	 0.277263 
91.1342 	 0.277275 
91.1875 	 0.277263 
91.2312 	 0.277344 
91.2845 	 0.277478 
91.3427 	 0.277456 
91.3912 	 0.277639 
91.4445 	 0.277522 
91.4978 	 0.277363 
91.5559 	 0.277583 
91.5995 	 0.277628 
91.6431 	 0.277622 
91.706 	 0.277875 
91.7593 	 0.277725 
91.8028 	 0.277767 
91.8561 	 0.277928 
91.9141 	 0.277869 
91.9625 	 0.277906 
92.0061 	 0.278213 
92.0544 	 0.278138 
92.1124 	 0.278169 
92.156 	 0.2781 
92.2091 	 0.278033 
92.2623 	 0.278125 
92.3106 	 0.278106 
92.3589 	 0.278294 
92.4169 	 0.278238 
92.4604 	 0.278331 
92.5135 	 0.278331 
92.5666 	 0.27855 
92.6149 	 0.278381 
92.668 	 0.278411 
92.7163 	 0.278481 
92.7694 	 0.278588 
92.8224 	 0.278628 
92.8659 	 0.278669 
92.9189 	 0.2787 
92.9768 	 0.278656 
93.0154 	 0.278675 
93.0684 	 0.278725 
93.1118 	 0.278561 
93.1696 	 0.278763 
93.2226 	 0.278867 
93.266 	 0.278881 
93.3142 	 0.278994 
93.3672 	 0.279144 
93.4153 	 0.279313 
93.4731 	 0.279122 
93.5212 	 0.279325 
93.5694 	 0.279344 
93.6223 	 0.279231 
93.6705 	 0.27935 
93.7234 	 0.279219 
93.7715 	 0.279356 
93.8244 	 0.279306 
93.8677 	 0.279406 
93.9206 	 0.279344 
93.9639 	 0.279419 
94.0216 	 0.279567 
94.0648 	 0.279633 
94.1177 	 0.279444 
94.1658 	 0.279531 
94.2186 	 0.2795 
94.2619 	 0.279644 
94.3147 	 0.279581 
94.3675 	 0.279606 
94.4156 	 0.279513 
94.454 	 0.279744 
94.5164 	 0.279756 
94.5644 	 0.279788 
94.6124 	 0.2798 
94.646 	 0.279781 
94.718 	 0.279869 
94.7612 	 0.279906 
94.8043 	 0.279969 
94.8619 	 0.279994 
94.9051 	 0.280022 
94.9482 	 0.280044 
95.0106 	 0.280089 
95.0585 	 0.28005 
95.1112 	 0.280419 
95.1544 	 0.280156 
95.1975 	 0.28005 
95.2502 	 0.280269 
95.3029 	 0.280269 
95.3556 	 0.280294 
95.4035 	 0.280356 
95.4514 	 0.280369 
95.4993 	 0.280444 
95.5376 	 0.280394 
95.595 	 0.2804 
95.6429 	 0.280506 
95.6908 	 0.280431 
95.7386 	 0.280461 
95.7865 	 0.280531 
95.8391 	 0.280631 
95.8869 	 0.280763 
95.9348 	 0.280544 
95.9826 	 0.28065 
96.0304 	 0.280719 
96.083 	 0.280788 
96.126 	 0.280763 
96.1786 	 0.280794 
96.2216 	 0.280788 
96.2742 	 0.280656 
96.3316 	 0.280872 
96.365 	 0.28085 
96.4128 	 0.280906 
96.4701 	 0.280794 
96.5131 	 0.28085 
96.5704 	 0.280956 
96.6134 	 0.280981 
96.6611 	 0.280919 
96.7041 	 0.281038 
96.7519 	 0.281161 
96.8044 	 0.280969 
96.8521 	 0.281044 
96.895 	 0.281131 
96.9523 	 0.281144 
96.9952 	 0.281156 
97.043 	 0.281175 
97.0859 	 0.281167 
97.1384 	 0.279956 
97.1861 	 0.279975 
97.2385 	 0.280063 
97.2814 	 0.279756 
97.3339 	 0.279875 
97.3768 	 0.280017 
97.4292 	 0.2801 
97.4673 	 0.280017 
97.5198 	 0.280219 
97.5674 	 0.2803 
97.6198 	 0.280794 
97.6579 	 0.280319 
97.7103 	 0.280161 
97.7485 	 0.280156 
97.8056 	 0.280344 
97.858 	 0.280294 
97.8961 	 0.280444 
97.9485 	 0.280475 
98.0008 	 0.280756 
98.0484 	 0.280506 
98.0865 	 0.280688 
98.1341 	 0.280619 
98.177 	 0.280556 
98.2293 	 0.28055 
98.2769 	 0.2809 
98.3197 	 0.280281 
98.3673 	 0.280594 
98.4244 	 0.280644 
98.4672 	 0.280994 
98.51 	 0.280519 
98.5528 	 0.280517 
98.6003 	 0.280722 
98.6574 	 0.280606 
98.7002 	 0.280681 
98.743 	 0.280672 
98.7952 	 0.280769 
98.838 	 0.280913 
98.8903 	 0.282425 
98.9283 	 0.282413 
98.9806 	 0.282538 
99.0329 	 0.282438 
99.0709 	 0.282581 
99.1231 	 0.282413 
99.1611 	 0.282581 
99.2181 	 0.282611 
99.2609 	 0.282717 
99.3131 	 0.282575 
99.3511 	 0.282631 
99.3891 	 0.282731 
99.4508 	 0.282738 
99.4935 	 0.282838 
99.5362 	 0.282789 
99.5837 	 0.282813 
99.6217 	 0.282744 
99.6739 	 0.282894 
99.7261 	 0.282956 
99.7688 	 0.282994 
99.8115 	 0.283 
99.8495 	 0.282961 
99.9016 	 0.282963 
99.9491 	 0.28285 
99.987 	 0.282983 
100.039 	 0.282994 
100.082 	 0.283111 
100.12 	 0.283038 
100.181 	 0.283033 
100.219 	 0.283088 
100.272 	 0.283081 
100.309 	 0.283088 
100.357 	 0.283039 
100.404 	 0.283031 
100.447 	 0.283075 
100.485 	 0.283138 
100.532 	 0.283188 
100.575 	 0.283322 
100.622 	 0.283388 
100.665 	 0.283181 
100.703 	 0.283306 
100.755 	 0.283269 
100.798 	 0.283338 
100.835 	 0.283325 
100.878 	 0.283413 
100.921 	 0.283363 
100.963 	 0.283383 
101.015 	 0.283306 
101.044 	 0.283306 
101.091 	 0.283375 
101.124 	 0.283433 
101.162 	 0.283522 
101.205 	 0.283731 
101.243 	 0.283617 
101.281 	 0.2836 
101.318 	 0.283569 
101.361 	 0.283556 
101.399 	 0.283706 
101.437 	 0.283725 
101.475 	 0.283763 
101.503 	 0.283831 
101.536 	 0.283694 
101.584 	 0.283694 
101.612 	 0.283756 
101.645 	 0.28365 
101.688 	 0.283956 
101.725 	 0.283844 
101.768 	 0.283819 
101.82 	 0.284028 
101.877 	 0.283963 
101.924 	 0.284006 
101.981 	 0.28405 
102.023 	 0.284061 
102.066 	 0.283913 
102.118 	 0.284131 
102.184 	 0.284056 
102.217 	 0.284031 
102.26 	 0.284319 
102.302 	 0.284194 
102.354 	 0.284119 
102.392 	 0.284178 
102.439 	 0.284413 
102.473 	 0.284389 
102.52 	 0.284344 
102.558 	 0.284344 
102.595 	 0.283494 
102.643 	 0.283125 
102.68 	 0.283069 
102.718 	 0.282894 
102.761 	 0.2832 
102.799 	 0.282828 
102.832 	 0.282875 
102.86 	 0.283406 
102.893 	 0.283538 
102.936 	 0.283488 
102.964 	 0.283378 
102.992 	 0.283438 
103.025 	 0.283675 
103.054 	 0.283488 
103.091 	 0.283975 
103.11 	 0.283638 
103.129 	 0.283506 
103.143 	 0.283731 
103.167 	 0.28355 
103.186 	 0.283706 
103.186 	 0.283667 
103.205 	 0.283611 
103.233 	 0.2836 
103.261 	 0.283578 
103.29 	 0.283731 
103.327 	 0.2837 
103.356 	 0.28395 
103.384 	 0.283588 
103.417 	 0.283706 
103.445 	 0.283706 
103.483 	 0.283869 
103.502 	 0.2838 
103.535 	 0.28365 
103.563 	 0.284006 
103.587 	 0.283869 
103.62 	 0.283644 
103.658 	 0.283744 
103.696 	 0.283617 
103.748 	 0.283789 
103.804 	 0.283867 
103.856 	 0.283889 
103.898 	 0.2838 
103.941 	 0.283869 
103.993 	 0.2839 
104.031 	 0.283925 
104.078 	 0.284 
104.115 	 0.284038 
104.148 	 0.284244 
104.191 	 0.284156 
104.224 	 0.283988 
104.262 	 0.284406 
104.295 	 0.284106 
104.332 	 0.284225 
104.375 	 0.28415 
104.408 	 0.284088 
104.445 	 0.284056 
104.478 	 0.284075 
104.511 	 0.284044 
104.549 	 0.284128 
104.587 	 0.284094 
104.606 	 0.284067 
104.648 	 0.284294 
104.681 	 0.284138 
104.714 	 0.284139 
104.738 	 0.284072 
104.766 	 0.284213 
104.79 	 0.284306 
104.823 	 0.284233 
104.856 	 0.2843 
104.87 	 0.284325 
104.903 	 0.284289 
104.926 	 0.284194 
104.954 	 0.284188 
104.973 	 0.284413 
104.997 	 0.284563 
105.02 	 0.28435 
105.035 	 0.284725 
105.053 	 0.284139 
105.086 	 0.284222 
105.101 	 0.284456 
105.119 	 0.284422 
105.133 	 0.284381 
105.143 	 0.284506 
105.166 	 0.284513 
105.181 	 0.284656 
105.195 	 0.284425 
105.199 	 0.284388 
105.199 	 0.284475 
105.209 	 0.284406 
105.204 	 0.28465 
105.209 	 0.284567 
105.195 	 0.284556 
105.19 	 0.284394 
105.166 	 0.284511 
105.133 	 0.284444 
105.105 	 0.284419 
105.049 	 0.284461 
104.983 	 0.284819 
104.898 	 0.2845 
104.785 	 0.284725 
104.629 	 0.284475 
104.394 	 0.284339 
104.078 	 0.284161 
103.639 	 0.284813 
103.219 	 0.284613 
102.893 	 0.284388 
102.709 	 0.284256 
102.61 	 0.284181 
102.51 	 0.284406 
102.444 	 0.284269 
102.416 	 0.283944 
102.387 	 0.283963 
102.373 	 0.284131 
102.369 	 0.283869 
102.35 	 0.283994 
102.321 	 0.283961 
102.307 	 0.28405 
102.279 	 0.283878 
102.265 	 0.283844 
102.26 	 0.283744 
102.236 	 0.283819 
102.231 	 0.284219 
102.213 	 0.28375 
102.222 	 0.283738 
102.222 	 0.283628 
102.222 	 0.283638 
102.227 	 0.283656 
102.241 	 0.283638 
102.246 	 0.283563 
102.265 	 0.283561 
102.283 	 0.283761 
102.307 	 0.283644 
102.331 	 0.284022 
102.359 	 0.28425 
102.383 	 0.28405 
102.421 	 0.284125 
102.458 	 0.283906 
102.491 	 0.283813 
102.534 	 0.283388 
102.567 	 0.283519 
102.624 	 0.283388 
102.671 	 0.283444 
102.714 	 0.283469 
102.766 	 0.283613 
102.817 	 0.283406 
102.884 	 0.283325 
102.926 	 0.28345 
102.988 	 0.283956 
103.044 	 0.283511 
103.106 	 0.283183 
103.162 	 0.283328 
103.233 	 0.283372 
103.28 	 0.283381 
103.346 	 0.283306 
103.408 	 0.283367 
103.479 	 0.283633 
103.54 	 0.283644 
103.601 	 0.283438 
103.663 	 0.283456 
103.729 	 0.283625 
103.79 	 0.283688 
103.851 	 0.283811 
103.917 	 0.283656 
103.969 	 0.283539 
104.045 	 0.283594 
104.092 	 0.283719 
104.148 	 0.283444 
104.21 	 0.283631 
104.271 	 0.283544 
104.328 	 0.283683 
104.398 	 0.283678 
104.445 	 0.283606 
104.507 	 0.284222 
104.559 	 0.283444 
104.625 	 0.2836 
104.695 	 0.283556 
104.742 	 0.283633 
104.799 	 0.283728 
104.86 	 0.283683 
104.922 	 0.283681 
104.973 	 0.283606 
105.039 	 0.283813 
105.096 	 0.283783 
105.148 	 0.2836 
105.214 	 0.284233 
105.27 	 0.283894 
105.327 	 0.284081 
105.378 	 0.284481 
105.435 	 0.283789 
105.496 	 0.283789 
105.548 	 0.284167 
105.609 	 0.283881 
105.689 	 0.283919 
105.727 	 0.284294 
105.769 	 0.283825 
105.826 	 0.2837 
105.887 	 0.2836 
105.934 	 0.283722 
106 	 0.283556 
106.047 	 0.2839 
106.099 	 0.2837 
106.165 	 0.283728 
106.216 	 0.283744 
106.263 	 0.283856 
106.315 	 0.283856 
106.376 	 0.283769 
106.423 	 0.283963 
106.48 	 0.284022 
106.522 	 0.284056 
106.583 	 0.283706 
106.635 	 0.283867 
106.687 	 0.283869 
106.743 	 0.283813 
106.8 	 0.285244 
106.847 	 0.285294 
106.903 	 0.285272 
106.95 	 0.285233 
107.002 	 0.28535 
107.068 	 0.285367 
107.115 	 0.285181 
107.157 	 0.285394 
107.218 	 0.285261 
107.265 	 0.2852 
107.317 	 0.285194 
107.373 	 0.285189 
107.42 	 0.285283 
107.467 	 0.285256 
107.519 	 0.285325 
107.58 	 0.2855 
107.627 	 0.285483 
107.683 	 0.285483 
107.73 	 0.285544 
107.787 	 0.285361 
107.843 	 0.285569 
107.88 	 0.285411 
107.942 	 0.285594 
108.003 	 0.285661 
108.04 	 0.285744 
108.101 	 0.285711 
108.153 	 0.285556 
108.205 	 0.285778 
108.261 	 0.285763 
108.308 	 0.285581 
108.355 	 0.285617 
108.406 	 0.285678 
108.463 	 0.2857 
108.514 	 0.285688 
108.58 	 0.285769 
108.618 	 0.285681 
108.693 	 0.285689 
108.735 	 0.285706 
108.777 	 0.285744 
108.838 	 0.28575 
108.89 	 0.285722 
108.951 	 0.285756 
109.003 	 0.285894 
109.059 	 0.28575 
109.111 	 0.285838 
109.162 	 0.286006 
109.219 	 0.285844 
109.275 	 0.285994 
109.331 	 0.285833 
109.383 	 0.285861 
109.439 	 0.285872 
109.495 	 0.2858 
109.547 	 0.285944 
109.608 	 0.285856 
109.66 	 0.285706 
109.711 	 0.28595 
109.767 	 0.285989 
109.833 	 0.285933 
109.894 	 0.285917 
109.95 	 0.285956 
110.007 	 0.285988 
110.054 	 0.285972 
110.11 	 0.286228 
110.166 	 0.286217 
110.232 	 0.286272 
110.288 	 0.285889 
110.349 	 0.286189 
110.401 	 0.286256 
110.457 	 0.286331 
110.513 	 0.286363 
110.574 	 0.286344 
110.63 	 0.286228 
110.691 	 0.286161 
110.747 	 0.28625 
110.808 	 0.286333 
110.865 	 0.286317 
110.926 	 0.286256 
110.982 	 0.286261 
111.047 	 0.2864 
111.108 	 0.286256 
111.165 	 0.286222 
111.225 	 0.286363 
111.286 	 0.286306 
111.352 	 0.2865 
111.408 	 0.286433 
111.464 	 0.286489 
111.525 	 0.286344 
111.591 	 0.286472 
111.652 	 0.286517 
111.717 	 0.286456 
111.778 	 0.286461 
111.839 	 0.286613 
111.895 	 0.286594 
111.961 	 0.28655 
112.017 	 0.286567 
112.078 	 0.286611 
112.144 	 0.286506 
112.205 	 0.286639 
112.275 	 0.286606 
112.326 	 0.286456 
112.397 	 0.286631 
112.462 	 0.286606 
112.528 	 0.286589 
112.584 	 0.286667 
112.645 	 0.286722 
112.715 	 0.286644 
112.776 	 0.286594 
112.823 	 0.2868 
112.902 	 0.286711 
112.973 	 0.286706 
113.033 	 0.286794 
113.094 	 0.286783 
113.16 	 0.286539 
113.235 	 0.286722 
113.296 	 0.286872 
113.361 	 0.286833 
113.417 	 0.286867 
113.487 	 0.286744 
113.553 	 0.286813 
113.619 	 0.286861 
113.689 	 0.286789 
113.764 	 0.2871 
113.825 	 0.286933 
113.885 	 0.286861 
113.946 	 0.286956 
114.021 	 0.286856 
114.091 	 0.286917 
114.157 	 0.286994 
114.222 	 0.286928 
114.293 	 0.286889 
114.358 	 0.287061 
114.428 	 0.286917 
114.498 	 0.287078 
114.564 	 0.286917 
114.634 	 0.286888 
114.695 	 0.287025 
114.77 	 0.287061 
114.845 	 0.287069 
114.91 	 0.287144 
114.98 	 0.287022 
115.055 	 0.287081 
115.125 	 0.287213 
115.196 	 0.287125 
115.261 	 0.287231 
115.327 	 0.287144 
115.406 	 0.287056 
115.481 	 0.287067 
115.551 	 0.287294 
115.621 	 0.287261 
115.696 	 0.287178 
115.766 	 0.287094 
115.841 	 0.287063 
115.902 	 0.287063 
115.977 	 0.287094 
116.028 	 0.287261 
116.108 	 0.287028 
116.183 	 0.287022 
116.248 	 0.287283 
116.318 	 0.28715 
116.379 	 0.2871 
116.454 	 0.2871 
116.524 	 0.287088 
116.594 	 0.287178 
116.66 	 0.287283 
116.744 	 0.287272 
116.805 	 0.287389 
116.875 	 0.287167 
116.94 	 0.287189 
117.015 	 0.287111 
117.076 	 0.287138 
117.17 	 0.287244 
117.23 	 0.287161 
117.301 	 0.287206 
117.38 	 0.28735 
117.446 	 0.28735 
117.53 	 0.287394 
117.586 	 0.287294 
117.661 	 0.2875 
117.745 	 0.287606 
117.815 	 0.287425 
117.89 	 0.287263 
117.965 	 0.287367 
118.04 	 0.287294 
118.1 	 0.287394 
118.194 	 0.287311 
118.255 	 0.287388 
118.334 	 0.287319 
118.404 	 0.287306 
118.484 	 0.287513 
118.559 	 0.287389 
118.624 	 0.287411 
118.704 	 0.287611 
118.779 	 0.287433 
118.858 	 0.2875 
118.928 	 0.287483 
119.017 	 0.287431 
119.097 	 0.287556 
119.167 	 0.287456 
119.251 	 0.2875 
119.326 	 0.287644 
119.401 	 0.287506 
119.48 	 0.287444 
119.546 	 0.287294 
119.63 	 0.287469 
119.709 	 0.287561 
119.789 	 0.287783 
119.878 	 0.287522 
119.943 	 0.287567 
120.018 	 0.2878 
120.093 	 0.287606 
120.163 	 0.287506 
120.247 	 0.287544 
120.332 	 0.287489 
120.397 	 0.287528 
120.477 	 0.287517 
120.556 	 0.287589 
120.645 	 0.287581 
120.715 	 0.287606 
120.79 	 0.287883 
120.865 	 0.287722 
120.945 	 0.287644 
121.024 	 0.287528 
121.104 	 0.287672 
121.193 	 0.287689 
121.263 	 0.287617 
121.347 	 0.287689 
121.422 	 0.287644 
121.506 	 0.287722 
121.581 	 0.28765 
121.665 	 0.287811 
121.74 	 0.287867 
121.82 	 0.287967 
121.89 	 0.287872 
121.979 	 0.2878 
122.054 	 0.287781 
122.133 	 0.28785 
122.222 	 0.287872 
122.297 	 0.287967 
122.382 	 0.287972 
122.466 	 0.288061 
122.527 	 0.28795 
122.62 	 0.288028 
122.695 	 0.287944 
122.78 	 0.287961 
122.859 	 0.288 
122.944 	 0.288056 
123.023 	 0.288133 
123.112 	 0.288011 
123.187 	 0.287911 
123.271 	 0.287894 
123.351 	 0.287933 
123.431 	 0.287961 
123.515 	 0.288094 
123.604 	 0.287839 
123.679 	 0.288039 
123.763 	 0.288067 
123.843 	 0.287972 
123.927 	 0.287989 
124.007 	 0.287967 
124.096 	 0.287806 
124.18 	 0.288 
124.265 	 0.287872 
124.335 	 0.28805 
124.433 	 0.288039 
124.508 	 0.288206 
124.588 	 0.288206 
124.677 	 0.288139 
124.761 	 0.288328 
124.836 	 0.288181 
124.926 	 0.288219 
125.01 	 0.287894 
125.094 	 0.288211 
125.183 	 0.288094 
125.258 	 0.288161 
125.348 	 0.28815 
125.432 	 0.288069 
125.521 	 0.288356 
125.606 	 0.288122 
125.685 	 0.288139 
125.77 	 0.288228 
125.854 	 0.288206 
125.939 	 0.28815 
126.018 	 0.288194 
126.112 	 0.288106 
126.197 	 0.288288 
126.281 	 0.288283 
126.366 	 0.288244 
126.45 	 0.288322 
126.539 	 0.288267 
126.633 	 0.288217 
126.708 	 0.288367 
126.802 	 0.288211 
126.882 	 0.288261 
126.976 	 0.288244 
127.056 	 0.288217 
127.145 	 0.288178 
127.225 	 0.288211 
127.319 	 0.288156 
127.408 	 0.288261 
127.483 	 0.288294 
127.577 	 0.288189 
127.662 	 0.288372 
127.756 	 0.288263 
127.845 	 0.288406 
127.929 	 0.288128 
128.019 	 0.288161 
128.099 	 0.288339 
128.183 	 0.288272 
128.277 	 0.288183 
128.366 	 0.288117 
128.446 	 0.288239 
128.54 	 0.288111 
128.625 	 0.288206 
128.714 	 0.288317 
128.813 	 0.288172 
128.898 	 0.288278 
128.992 	 0.288311 
129.076 	 0.288172 
129.156 	 0.288244 
129.25 	 0.288306 
129.349 	 0.28825 
129.439 	 0.288111 
129.519 	 0.288067 
129.622 	 0.288156 
129.702 	 0.288139 
129.801 	 0.288172 
129.886 	 0.288278 
129.98 	 0.288222 
130.069 	 0.288231 
130.158 	 0.288144 
130.248 	 0.288311 
130.337 	 0.288233 
130.417 	 0.288228 
130.521 	 0.288172 
130.62 	 0.288228 
130.714 	 0.288188 
130.803 	 0.288244 
130.888 	 0.288133 
130.987 	 0.288233 
131.072 	 0.288228 
131.166 	 0.288233 
131.26 	 0.288367 
131.359 	 0.288263 
131.439 	 0.288278 
131.543 	 0.288133 
131.637 	 0.288517 
131.722 	 0.288239 
131.821 	 0.288275 
131.915 	 0.288228 
132.009 	 0.288278 
132.099 	 0.2881 
132.193 	 0.288011 
132.287 	 0.288189 
132.382 	 0.288106 
132.481 	 0.287939 
132.565 	 0.2882 
132.664 	 0.288006 
132.759 	 0.288106 
132.858 	 0.2882 
132.957 	 0.288044 
133.037 	 0.288228 
133.145 	 0.288106 
133.244 	 0.288228 
133.334 	 0.288361 
133.438 	 0.288289 
133.527 	 0.288328 
133.626 	 0.288067 
133.725 	 0.288156 
133.825 	 0.28835 
133.919 	 0.288172 
134.023 	 0.288156 
134.117 	 0.288263 
134.211 	 0.288189 
134.311 	 0.288328 
134.405 	 0.288244 
134.514 	 0.288267 
134.608 	 0.288478 
134.717 	 0.288339 
134.802 	 0.2883 
134.905 	 0.288231 
135.009 	 0.28815 
135.104 	 0.288456 
135.203 	 0.288378 
135.302 	 0.288406 
135.406 	 0.288383 
135.505 	 0.288019 
135.604 	 0.288333 
135.713 	 0.288328 
135.807 	 0.288122 
135.902 	 0.2882 
136.025 	 0.288244 
136.119 	 0.28815 
136.223 	 0.288172 
136.322 	 0.288244 
136.431 	 0.288239 
136.526 	 0.288278 
136.63 	 0.288222 
136.729 	 0.288081 
136.847 	 0.288161 
136.937 	 0.288233 
137.046 	 0.288406 
137.145 	 0.288233 
137.244 	 0.288206 
137.344 	 0.288122 
137.452 	 0.288256 
137.566 	 0.288267 
137.675 	 0.288256 
137.783 	 0.288281 
137.892 	 0.288269 
138.001 	 0.288211 
138.096 	 0.288372 
138.209 	 0.288278 
138.313 	 0.288394 
138.427 	 0.288194 
138.526 	 0.288078 
138.63 	 0.288213 
138.739 	 0.288144 
138.857 	 0.288139 
138.966 	 0.288172 
139.07 	 0.288094 
139.174 	 0.288172 
139.288 	 0.288217 
139.392 	 0.288244 
139.506 	 0.288244 
139.624 	 0.288022 
139.724 	 0.288072 
139.837 	 0.288072 
139.946 	 0.288206 
140.069 	 0.28815 
140.159 	 0.288117 
140.278 	 0.288161 
140.396 	 0.288144 
140.5 	 0.288 
140.624 	 0.288133 
140.737 	 0.287938 
140.846 	 0.287919 
140.97 	 0.287883 
141.069 	 0.288067 
141.188 	 0.288039 
141.301 	 0.287983 
141.42 	 0.287975 
141.543 	 0.288038 
141.657 	 0.288 
141.771 	 0.287917 
141.88 	 0.287856 
141.998 	 0.288006 
142.117 	 0.287933 
142.235 	 0.288072 
142.363 	 0.288233 
142.468 	 0.28815 
142.591 	 0.288033 
142.705 	 0.28795 
142.833 	 0.288072 
142.956 	 0.288 
143.075 	 0.28805 
143.184 	 0.287783 
143.317 	 0.287956 
143.445 	 0.287983 
143.564 	 0.2879 
143.682 	 0.287972 
143.801 	 0.287906 
143.934 	 0.287906 
144.052 	 0.288006 
144.176 	 0.288039 
144.304 	 0.287422 
144.437 	 0.286589 
144.556 	 0.286672 
144.684 	 0.286522 
144.807 	 0.286939 
144.94 	 0.286889 
145.064 	 0.287163 
145.192 	 0.28665 
145.334 	 0.286622 
145.453 	 0.28675 
145.581 	 0.286531 
145.719 	 0.286613 
145.847 	 0.286517 
145.985 	 0.286563 
146.114 	 0.286511 
146.251 	 0.286569 
146.375 	 0.286569 
146.522 	 0.286456 
146.651 	 0.28655 
146.784 	 0.286619 
146.926 	 0.286383 
147.064 	 0.28655 
147.197 	 0.28645 
147.335 	 0.287178 
147.468 	 0.286461 
147.616 	 0.286469 
147.758 	 0.286631 
147.896 	 0.286313 
148.034 	 0.286617 
148.177 	 0.286372 
148.32 	 0.286439 
148.467 	 0.28645 
148.61 	 0.286675 
148.748 	 0.286344 
148.905 	 0.2863 
149.048 	 0.286417 
149.195 	 0.286406 
149.343 	 0.286544 
149.49 	 0.28635 
149.638 	 0.286461 
149.785 	 0.286328 
149.933 	 0.286122 
150.076 	 0.286306 
150.228 	 0.286369 
150.38 	 0.28625 
150.542 	 0.2864 
150.699 	 0.286106 
150.842 	 0.286156 
150.995 	 0.286122 
151.147 	 0.286081 
151.314 	 0.286089 
151.466 	 0.285956 
151.619 	 0.285967 
151.771 	 0.28605 
151.933 	 0.2859 
152.086 	 0.286206 
152.243 	 0.286175 
152.4 	 0.285978 
152.562 	 0.286288 
152.724 	 0.285811 
152.886 	 0.285961 
153.034 	 0.286028 
153.191 	 0.285922 
153.363 	 0.286067 
153.52 	 0.285761 
153.673 	 0.285894 
153.84 	 0.285828 
153.997 	 0.285761 
154.164 	 0.285817 
154.331 	 0.285767 
154.489 	 0.286244 
154.66 	 0.285667 
154.823 	 0.28575 
154.985 	 0.285683 
155.152 	 0.285806 
155.314 	 0.285561 
155.472 	 0.285689 
155.648 	 0.285506 
155.81 	 0.285489 
155.978 	 0.285411 
156.145 	 0.285511 
156.307 	 0.285411 
156.484 	 0.285475 
156.656 	 0.285561 
156.823 	 0.285169 
156.985 	 0.285231 
157.176 	 0.285156 
157.339 	 0.2852 
157.516 	 0.285289 
157.688 	 0.285475 
157.869 	 0.285317 
158.032 	 0.285078 
158.223 	 0.285267 
158.405 	 0.285344 
158.562 	 0.28535 
158.749 	 0.285133 
158.921 	 0.285072 
159.098 	 0.284925 
159.265 	 0.285078 
159.447 	 0.28515 
159.615 	 0.285094 
159.782 	 0.284944 
159.964 	 0.285113 
160.146 	 0.2851 
160.318 	 0.284861 
160.49 	 0.285228 
160.672 	 0.285056 
160.84 	 0.285094 
161.017 	 0.284878 
161.199 	 0.284969 
161.376 	 0.28545 
161.553 	 0.285056 
161.721 	 0.284894 
161.898 	 0.284822 
162.071 	 0.284728 
162.253 	 0.284713 
162.444 	 0.284656 
162.612 	 0.284781 
162.79 	 0.284638 
162.953 	 0.284413 
163.14 	 0.284622 
163.307 	 0.284667 
163.48 	 0.284744 
163.667 	 0.284419 
163.84 	 0.2846 
164.027 	 0.284313 
164.2 	 0.284656 
164.377 	 0.28445 
164.555 	 0.284517 
164.737 	 0.284461 
164.915 	 0.284306 
165.088 	 0.284331 
165.285 	 0.284356 
165.453 	 0.284483 
165.64 	 0.284325 
165.813 	 0.284228 
165.986 	 0.284061 
166.169 	 0.284431 
166.351 	 0.284156 
166.534 	 0.284319 
166.707 	 0.283906 
166.885 	 0.284083 
167.067 	 0.283878 
167.25 	 0.2843 
167.438 	 0.283928 
167.616 	 0.284044 
167.794 	 0.283878 
167.972 	 0.283594 
168.155 	 0.283744 
168.333 	 0.283806 
168.506 	 0.283775 
168.694 	 0.283856 
168.872 	 0.283756 
169.055 	 0.283794 
169.238 	 0.283772 
169.411 	 0.283594 
169.604 	 0.284119 
169.773 	 0.283506 
169.97 	 0.283638 
170.125 	 0.283939 
170.337 	 0.283763 
170.505 	 0.283544 
170.693 	 0.28365 
170.91 	 0.284161 
171.181 	 0.283544 
171.504 	 0.283263 
171.89 	 0.28335 
172.291 	 0.283561 
172.711 	 0.283472 
173.146 	 0.283344 
173.586 	 0.283433 
174.045 	 0.283139 
174.5 	 0.283075 
174.974 	 0.283269 
175.473 	 0.283106 
176.02 	 0.2832 
180.136 	 0.282761 
180.91 	 0.282761 
181.689 	 0.282875 
182.468 	 0.282919 
183.258 	 0.282406 
184.043 	 0.282278 
184.829 	 0.282356 
185.62 	 0.282261 
186.436 	 0.282261 
187.238 	 0.282188 
188.055 	 0.282 
188.867 	 0.281878 
189.695 	 0.281911 
190.533 	 0.281783 
191.381 	 0.281639 
192.23 	 0.281672 
193.084 	 0.281569 
193.934 	 0.281378 
194.793 	 0.281333 
195.664 	 0.281206 
196.529 	 0.281156 
197.4 	 0.281161 
198.272 	 0.281122 
199.163 	 0.280906 
200.025 	 0.280781 
200.913 	 0.280778 
201.795 	 0.2807 
202.777 	 0.2813 
203.596 	 0.280528 
204.534 	 0.280589 
205.374 	 0.2807 
206.313 	 0.280572 
207.153 	 0.280583 
208.142 	 0.280561 
209.033 	 0.280872 
209.973 	 0.280661 
210.864 	 0.280461 
211.706 	 0.280478 
212.697 	 0.280194 
213.49 	 0.2801 
214.382 	 0.280281 
215.324 	 0.280261 
216.267 	 0.280394 
217.061 	 0.280272 
217.954 	 0.280261 
218.947 	 0.280419 
219.692 	 0.280481 
220.537 	 0.280306 
221.332 	 0.280456 
222.227 	 0.280383 
223.122 	 0.280383 
223.918 	 0.280472 
224.813 	 0.2805 
225.659 	 0.280278 
226.406 	 0.280363 
227.252 	 0.280639 
228.049 	 0.280483 
228.796 	 0.280267 
229.643 	 0.280483 
230.39 	 0.280406 
231.188 	 0.280456 
231.986 	 0.280428 
232.634 	 0.280767 
233.532 	 0.280606 
234.33 	 0.280639 
235.078 	 0.280567 
235.877 	 0.281094 
236.575 	 0.280422 
237.324 	 0.280506 
238.123 	 0.280556 
238.723 	 0.280344 
239.472 	 0.280678 
240.272 	 0.28075 
240.871 	 0.280239 
241.621 	 0.280738 
242.321 	 0.280861 
243.021 	 0.2807 
243.721 	 0.280789 
244.472 	 0.28085 
245.122 	 0.280631 
245.823 	 0.28075 
246.473 	 0.280881 
247.124 	 0.280989 
247.825 	 0.280994 
248.476 	 0.280872 
249.127 	 0.281681 
249.728 	 0.281088 
250.38 	 0.281083 
250.981 	 0.281167 
251.582 	 0.281233 
252.234 	 0.280994 
252.785 	 0.2811 
253.387 	 0.281381 
253.989 	 0.281211 
254.49 	 0.281039 
255.142 	 0.2815 
255.644 	 0.281017 
256.246 	 0.281044 
256.847 	 0.281111 
257.349 	 0.281225 
257.901 	 0.281338 
258.452 	 0.281517 
258.954 	 0.281411 
259.506 	 0.281561 
260.058 	 0.281638 
260.459 	 0.281356 
261.01 	 0.281411 
261.512 	 0.281411 
262.013 	 0.281433 
262.515 	 0.281433 
263.016 	 0.281819 
263.317 	 0.281775 
263.518 	 0.281988 
263.818 	 0.282022 
264.219 	 0.281844 
264.771 	 0.281867 
265.372 	 0.282081 
266.825 	 0.281617 
268.478 	 0.282075 
269.93 	 0.281525 
271.33 	 0.280167 
