Temp(K)	Res(\muOhmcm)
0.3977	0.000950247896161802
0.43655	-0.00141363851227234
0.47925	-0.000739953176798763
0.52095	-0.00358495641385387
0.5613	1.06018859731178e-05
0.60585	-0.00489438491173637
0.64555	-0.00182212721649898
0.6868	0.00271146590770119
0.7312	0.00142187862439172
0.7712	-0.00123564360178007
0.8132	-0.00114674624430767
0.85595	-0.00094203074989989
0.89595	-0.00244865202982605
0.9393	0.000968879111839106
0.98015	-0.00289761133112373
1.02445	0.00356237108187715	
1.06425	-0.0028736985691374
1.10615	-0.00178531657137007
1.1071	-0.0006689366559519
1.1311	-0.00254966607427679
1.1553	-4.21935352998841e-05
1.179	0.00164367634603288
1.2035	-0.00358044505702498
1.2275	-0.00226689876945838
1.2523	-0.00336553579542888
1.2763	0.000846914071445496
1.30115	0.00211538992224335
1.3248	0.000379932487408501
1.34985	-0.00146365499131977
1.37375	0.000600852106347999
1.3975	0.000213898802563748
1.4223	-0.00054581663203346
1.4459	-0.00268659096361231
1.4716	-0.00383954096705023
1.4948	-0.00168575093729418
1.52335	-0.000981416485583907
1.5438	-0.000675482749585439
1.56745	0.00233845228847843
1.59285	-0.00229092514303596
1.6162	-0.0010156791606318
1.64095	-0.0017013209304174
1.6649	0.00158846211889838
1.6901	0.0111652781867521
1.71375	0.0341325557328563
1.7388	0.0685379626939402
1.7627	0.117821421587546
1.787	0.179827121783647
1.811	0.23628923653222
1.83555	0.298295126672338
1.8599	0.341536465092952
1.88395	0.369386033247557
1.90885	0.391753779419959
1.93295	0.403632775943346
1.95775	0.405684558320732
1.9817	0.40836443402311
1.9818	0.406240491817115
2.00565	0.409206488067957
2.0303	0.418177494771331
2.0309	0.410576730942044
2.05405	0.413591789061612
2.0611	0.419349349826917
2.07925	0.418582192960757
2.08625	0.422769069571344
2.1031	0.420793430879567
2.1164	0.427817819318575
2.12835	0.427982395677992
2.152	0.423313262787547
2.1706	0.433331410267313
2.1775	0.425219515239775
2.2007	0.432650811474561
2.2274	0.436901762719219
2.29005	0.442127669034261
2.3441	0.448380045949639
2.40045	0.453168284209667
2.57	0.469930140228504
2.7679	0.495558373242958
2.92345	0.511033957797128
3.06225	0.527958820900937
3.24235	0.547549729385159
3.4673	0.579638399231134
3.75275	0.616802645563244
4.02175	0.651496424625613
4.3523	0.701734479824022
4.62315	0.744047732818694
4.8618	0.77826515414419
5.1382	0.824665246878614
5.44505	0.876480380532137
5.74515	0.924641239127473
6.0582	0.982394117520663
6.3967	1.04229074534348
6.7248	1.1071092966077
7.093	1.17971143746431
7.46885	1.2562369375681
7.8426	1.33358135878159
8.2413	1.41896229908605
8.63015	1.50238072677784
9.02845	1.59242037419317
9.42505	1.68682635974852
9.7914	1.77361599471335
10.22355	1.88032133344139
10.6517	1.98991340767295
11.0064	2.08353332091254
11.4179	2.19294765776067
11.8299	2.31042058368194
12.16685	2.4066988558153
12.52415	2.50939781848726
12.8709	2.61305772076359
13.2269	2.72069754603705
13.5762	2.82994837184123
13.912	2.93540856893639
14.28055	3.06202916720822
14.71165	3.20833728807555
15.09905	3.34244097566023
15.52325	3.49181646355089
15.91495	3.63499422170338
16.30215	3.78578626473597
16.6801	3.9263737778642
17.0231	4.06501016196986
17.36875	4.20456992352437
17.7591	4.36798052131349
18.1551	4.53036012340233
18.4515	4.66355239629387
18.74085	4.79034818574897
19.04335	4.92536364040653
19.34705	5.06642452064428
19.6362	5.20354606242419
19.9376	5.34817356646467
20.19845	5.47882951621895
20.54015	5.64144069981275
20.6683	5.71174986077304
20.86845	5.81227864285635
21.12295	5.94431723152111
21.41675	6.09576290573451
21.7097	6.24851674776601
22.00595	6.40590640709813
22.29855	6.56065369551145
22.6231	6.74446943947545
22.95	6.93020589594608
23.26985	7.10832260424865
23.5995	7.30259653669615
23.9518	7.51225877862434
24.3002	7.7280854123117
24.6651	7.9434519604232
24.98665	8.1487375800182
25.30495	8.34905750768522
25.6481	8.57037080979526
25.94745	8.7648423376445
26.24815	8.96293846166265
26.5397	9.15687826284189
26.85915	9.37626289888489
27.17505	9.59510917891846
27.4926	9.8155663346059
27.781	10.0177542323318
28.07585	10.2200819197735
28.3813	10.4380998045572
28.6819	10.6570835733299
28.90245	10.8165042417263
29.1292	10.9868334977416
29.343	11.1479922527117
29.52505	11.2846076998699
29.6564	11.3880452303168
29.77035	11.4725344612729
29.89655	11.5674638113287
29.96005	11.6205681225265
30.0864	11.7171076847138
30.0971	11.721891108471
30.41835	11.9833450486802
31.2192	12.6069360536426
32.03895	13.2775530566721
32.88295	13.9669050983127
33.66255	14.6245368278077
34.46235	15.3164295219151
35.26375	16.0350733803096
36.10315	16.779837864079
36.90405	17.5160555692151
37.7233	18.2765126410435
38.51635	19.0317571261093
39.4746	19.9537751878637
40.3114	20.7570324368911
41.21965	21.6822762249775
41.92435	22.3812087479487
42.8593	23.33659353335
43.6809	24.1865043811253
44.4818	25.0189899470598
45.28635	25.8568739453496
46.072	26.6988778964602
46.87985	27.5716592846195
47.69475	28.4427433172439
48.50795	29.3264318990188
49.31665	30.2066452193997
50.13985	31.1146137764491
50.952	32.0170557130184
51.74495	32.9041232492189
52.5859	33.8266000555734
53.3842	34.7328027400849
54.205	35.671990011788
55.01265	36.5797652366693
55.81445	37.5113675688078
56.6105	38.428901531823
57.71685	39.700566546766
58.5099	40.6043632825967
59.3194	41.542095849398
60.10425	42.4563733814831
60.972	43.4422330078937
61.7649	44.3558875040481
62.56215	45.2958590409308
63.4005	46.2510027009432
64.186	47.1635000001884
65.00575	48.1115828034825
65.80515	49.0302174575611
66.61075	49.9703011429675
67.4236	50.8912135647591
68.22125	51.8119535641623
69.01115	52.7311985053885
69.8301	53.6733979564246
70.6704	54.6315611537058
71.48845	55.5763820904757
72.30805	56.5153444878376
73.04605	57.3406981960382
73.88845	58.3038278208096
74.70075	59.2300652894113
75.4859	60.1203048365963
76.36845	61.0878924062073
77.11855	61.9492554430985
77.92965	62.8652648572407
78.7469	63.7836390887394
79.55395	64.6579081648007
80.36955	65.5670476617084
81.1983	66.4912968560324
82.0145	67.3861494568994
82.7887	68.2368064142816
83.64915	69.1738912702731
84.44475	70.0574211730815
85.27355	70.9389629060302
86.05105	71.7858311850924
86.85895	72.6531945057659
87.7084	73.5530870301436
88.51535	74.4201722685665
89.2804	75.2451942101944
90.1223	76.1427243987072
90.94515	77.0246729473137
91.7538	77.874933078152
92.5681	78.6995242319888
93.37785	79.5610781255751
94.17525	80.3674707244287
95.00815	81.2419869717055
95.79655	82.0573087307835
96.6254	82.9162078445629
97.4004	83.7330956550928
98.245	84.5673462683392
99.0242	85.3386562860164
99.8625	86.1793164798435
100.67265	86.9925578282351
101.485	87.7956606942179
102.30685	88.5982532765069
103.08355	89.3698636811975
103.93025	90.181122854815
104.7421	90.9432428432102
105.52305	91.6900444172037
106.3424	92.4904503988184
107.1427	93.2736532594694
107.9682	94.0024933040119
108.77435	94.7866879178711
109.6021	95.5442806763417
110.4126	96.269232087907
111.2166	97.0030821296223
112.0392	97.7469527681102
112.8344	98.4740798571097
113.6504	99.206974048156
114.44235	99.9327315264843
115.28095	100.659961931747
116.0714	101.376644030048
116.8986	102.09547078523
117.72095	102.818242270219
118.5099	103.520463031823
119.31125	104.195175928895
120.13505	104.89537326059
120.94665	105.552413975043
121.73825	106.204868950866
122.5902	106.933338896323
123.3499	107.566656155275
124.1581	108.240560041721
124.9894	108.936215476555
125.7908	109.587413615429
126.6196	110.261915065664
127.4531	110.893323585519
127.9746	111.304024635883
128.55545	111.806957884156
129.34915	112.441618560552
130.14065	113.072823316935
130.95295	113.701733496446
131.7531	114.331601194726
132.32215	114.772910258353
133.1248	115.389321497965
133.9246	115.994924782543
134.7594	116.64091191191
135.28895	117.0356207851
136.093	117.631866723297
136.6654	118.067478427444
137.42455	118.662175803526
138.2662	119.263799233894
139.07035	119.866674683449
139.856	120.435003431113
140.68405	121.044562176372
141.48155	121.60798930958
142.0527	122.044612089222
142.8303	122.586205179986
143.65	123.193213199774
144.4759	123.768780541598
145.03675	124.167105972631
145.8201	124.710689339041
146.63555	125.266153805297
147.2026	125.657739517021
147.9832	126.193945608765
148.5393	126.600023905666
149.0567	126.929147345945
149.6188	127.310183442162
150.41455	127.856865479867
151.21285	128.383381983243
152.03865	128.927908600983
152.83535	129.466701520996
153.6733	130.016070191066
154.4636	130.527715691361
155.29265	131.071111739501
155.83175	131.43134331949
156.6238	131.958538311973
157.46045	132.497716607032
158.2627	133.009706154532
158.8209	133.347629004321
159.59855	133.843653656784
160.421	134.364836935735
161.23165	134.8599387847
161.7848	135.197610510004
162.56265	135.713295231843
163.40665	136.214819947108
164.2063	136.670372915695
165.0271	137.180016861273
165.7933	137.649453051447
166.0883	137.830034146821
166.38565	137.99252604997
166.89705	138.315804991202
166.90445	138.306787800502
167.4743	138.639667286319
167.73425	138.815257714088
167.99965	138.955895252912
168.53635	139.278121945723
168.81015	139.452685718382
169.36245	139.784679987865
169.6253	139.923096308304
170.15635	140.228796969014
170.15715	140.230240256079
170.7212	140.536630658448
170.9729	140.704737740296
171.49445	141.007521340249
171.7751	141.163665098979
172.3098	141.449983283589
172.6084	141.61370245849
173.1351	141.927513622436
173.40015	142.09040194922
173.92455	142.365409751395
174.22155	142.539334750602
174.7454	142.812978900589
174.7797	142.836697402603
175.53575	143.2887460926
175.5508	143.274327150155
176.1	143.578281160834
176.36215	143.727467017921
176.6379	143.879036635131
177.16895	144.183677758981
177.43835	144.296925265457
178.0181	144.628505329693
178.2696	144.751724511741
178.8025	145.0557364845
179.06005	145.1748063679
179.60455	145.507302598583
179.87815	145.627612228474
180.40965	145.930267576695
180.69905	146.061702251927
181.2168	146.37806034511
181.4964	146.501438348067
182.03445	146.80556440232
182.0664	146.803129578347
182.84555	147.223434701195
182.88335	147.24514907716
183.4033	147.517517137244
183.6717	147.6666276726
183.94555	147.797317775938
184.47665	148.092039147297
184.48935	148.085470249491
185.27715	148.490273202108
185.2894	148.519381784413
185.8264	148.780600780516
186.10595	148.922410436682
186.37285	149.039575740158
186.9075	149.331040614658
186.9181	149.330513464845
187.44485	149.607347072259
187.7212	149.765879892612
187.9872	149.877403266362
188.5225	150.155185539307
188.5241	150.152792584534
189.0771	150.437667719197
189.3319	150.563306288717
189.61335	150.709946961366
190.134	150.969721350182
190.13905	150.962458892721
190.7102	151.230990366334
190.95675	151.369025635234
191.2261	151.490116729587
191.7752	151.764078460539
191.78495	151.791857167016
192.33615	152.044510503512
192.58635	152.198262019876
192.87235	152.298476765035
193.3997	152.572142377218
193.40305	152.594901587349
193.9448	152.847792829299
194.20545	152.990380234653
194.48695	153.105370289702
195.00575	153.369705083757
195.033	153.387763534815
195.58095	153.645673925923
195.84	153.772874394393
196.1093	153.899599800281
196.6582	154.144957632745
196.6689	154.185176406619
197.20525	154.462702156666
197.4472	154.551053230481
197.75615	154.703228168146
198.27085	154.933081293679
198.31155	154.918122024911
198.85695	155.187094873559
199.06095	155.30378712927
199.40605	155.455585013324
199.67925	155.610312350775
199.88165	155.708597039699
200.5495	156.01704421553
200.70015	156.080487148613
201.5026	156.47228952537
202.3023	156.830070514289
203.1328	157.220333850376
203.96335	157.599656808429
204.76875	157.95384970791
205.566	158.312415371467
206.36105	158.690743187957
207.17475	159.062746513217
207.97805	159.398635311634
208.7929	159.781092430565
209.6064	160.1540927848
210.41885	160.492208805329
211.2415	160.840910750115
212.0401	161.216989515014
212.6581	161.509269556701
213.6654	161.976736419646
214.4774	162.309480612576
215.2799	162.619491856847
216.10005	162.976673002415
216.92095	163.33456768686
217.70585	163.652094245543
218.52855	164.005041983268
219.3441	164.324315450525
220.13315	164.649655802479
220.9597	164.989893618412
221.76015	165.327995023087
222.58435	165.669096660083
223.4051	165.985161292723
224.2232	166.322734092988
225.0436	166.626684571284
225.8084	166.949931675964
226.63425	167.274919377347
227.4388	167.599922125879
228.25045	167.903100962508
229.09415	168.215313638618
229.869	168.546028587531
230.6892	168.873581564943
231.52325	169.158761162505
232.32215	169.470185788393
233.10105	169.787471904563
233.93795	170.090740015864
234.74715	170.398899815766
235.55745	170.702512210942
236.3777	171.038437464863
237.18965	171.330192524302
237.994	171.604033362463
238.8165	171.91795917909
239.59265	172.200059636668
240.4306	172.53949373203
241.23585	172.798256460145
242.04785	173.063546517822
242.8397	173.355087275902
243.6898	173.684255745881
244.47225	173.971864497251
245.27925	174.238685549752
246.11755	174.526151926539
246.9107	174.825504319587
247.7041	175.102883865343
248.52265	175.402922244297
249.3767	175.701949662935
250.16415	175.934032138483
250.9723	176.204104594644
251.7764	176.483559317489
252.571	176.764460001453
253.38225	177.020658932741
254.17695	177.28650303955
255.0302	177.596711116997
255.8403	177.83612080575
256.6501	178.115717507265
257.437	178.388072702846
258.2363	178.682284062378
259.0696	178.926489067098
259.8577	179.157541344463
260.6907	179.43434058341
261.4772	179.701398351008
262.28085	179.966173314119
263.08545	180.222413642186
263.8994	180.456159648126
264.72475	180.722495815342
265.55105	180.99465228263
266.3371	181.243469596769
267.1562	181.482509427578
267.9836	181.770221146359
268.81405	182.021873980417
269.6095	182.237765418748
270.43235	182.518911955452
271.21105	182.764283084302
272.0233	183.022639806735
272.84945	183.25438999427
273.6668	183.49823829111
274.44485	183.757474075902
275.26075	184.005393111613
276.10185	184.2529038239
276.89905	184.499224366644
277.68665	184.718050144854
278.53855	184.960851034876
279.33325	185.204901014455
280.15275	185.404826512772
280.94925	185.636828955893
281.76735	185.870688050016
282.57165	186.15128654246
283.36365	186.351058734986
284.20055	186.581725813659
284.97045	186.777582253535
285.8001	187.0277176795
286.62185	187.266146502319
287.43675	187.509846287269
288.25965	187.735194003243
289.02675	187.954782860297
289.8856	188.159234526271
290.6694	188.39601249178
291.4943	188.63671476358
292.3046	188.822701177499
293.12365	189.034192112474
293.9358	189.267414466197
294.72285	189.464566332299
295.578	189.670662104092
296.3899	189.902172888002
296.9314	190.060284882396
297.47105	190.215852662122
298.00165	190.365079519239
298.55215	190.500773386643
299.08615	190.664660812597
299.6642	190.83350721436
301.30495	191.270703712184
